353 1464105898.5859549046 0.0000000000
[1, 1.3897657e-06, -1.3456144e-05, 0;
 -1.3897388e-06, 1, 1.9957467e-06, 0;
 1.3456147e-05, -1.9957281e-06, 1, 0;
 7.736181e-06, 7.6847391e-07, -1.7090479e-05, 1]
407 1464105900.7465074062 0.0000000000
[0.99304152, -0.0018338775, 0.11775073, 0;
 -0.0014540789, 0.99961156, 0.027831044, 0;
 -0.11775604, -0.027808599, 0.99265313, 0;
 -0.12047561, -0.04844299, 0.24893284, 1]
523 1464105905.3867390156 0.0000000000
[0.99300963, 0.086603023, 0.080198601, 0;
 -0.076854184, 0.99008811, -0.11755417, 0;
 -0.089584224, 0.11056883, 0.9898228, 0;
 -0.23858298, -0.0047022942, 0.30019835, 1]
530 1464105905.6666369438 0.0000000000
[0.99501169, 0.088145986, 0.046712048, 0;
 -0.085095726, 0.9943347, -0.063696004, 0;
 -0.052061956, 0.05940327, 0.99687552, 0;
 -0.22282402, -0.033141285, 0.40373278, 1]
543 1464105906.1867349148 0.0000000000
[0.9883045, 0.10447942, -0.11107797, 0;
 -0.1097604, 0.99304795, -0.042525347, 0;
 0.10586273, 0.054219954, 0.99290144, 0;
 -0.12203468, -0.044802193, 0.54664564, 1]
551 1464105906.5067415237 0.0000000000
[0.97670275, 0.12043262, -0.17761664, 0;
 -0.12847219, 0.99111503, -0.034436893, 0;
 0.1718912, 0.056453407, 0.98349702, 0;
 -0.065341316, -0.045944385, 0.5798735, 1]
569 1464105907.2268269062 0.0000000000
[0.97805649, 0.10831095, -0.17797254, 0;
 -0.12763955, 0.98666656, -0.10098124, 0;
 0.16466218, 0.12148169, 0.97884041, 0;
 0.031383142, 0.014197085, 0.46134272, 1]
579 1464105907.6269314289 0.0000000000
[0.96833152, 0.15408254, -0.19645023, 0;
 -0.18126298, 0.97496748, -0.12877151, 0;
 0.17169115, 0.16030267, 0.97202122, 0;
 0.085309036, 0.030865515, 0.32727587, 1]
587 1464105907.9467120171 0.0000000000
[0.96080381, 0.13014275, -0.2447833, 0;
 -0.17020167, 0.97388214, -0.15028284, 0;
 0.21883185, 0.18605487, 0.95786023, 0;
 0.13346487, 0.054627378, 0.20958206, 1]
602 1464105908.5469684601 0.0000000000
[0.96117389, 0.19037481, -0.19975537, 0;
 -0.21170431, 0.97305948, -0.091304958, 0;
 0.17699169, 0.13004901, 0.97558248, 0;
 0.21220474, 0.056009125, 0.01527239, 1]
610 1464105908.8701374531 0.0000000000
[0.94459939, 0.17977993, -0.274611, 0;
 -0.19523686, 0.98030347, -0.029793879, 0;
 0.26384577, 0.081757471, 0.96109372, 0;
 0.26346037, 0.063630342, -0.089022703, 1]
618 1464105909.1869981289 0.0000000000
[0.90408689, 0.23055977, -0.35981822, 0;
 -0.21473311, 0.97305721, 0.083960332, 0;
 0.36948159, 0.0013574496, 0.92923707, 0;
 0.29226962, 0.083890781, -0.21982469, 1]
627 1464105909.5477583408 0.0000000000
[0.86080402, 0.2825813, -0.42327794, 0;
 -0.23621881, 0.95851678, 0.15951882, 0;
 0.45079604, -0.037328236, 0.89184612, 0;
 0.29346994, 0.12883452, -0.33483261, 1]
635 1464105909.8670778275 0.0000000000
[0.84941369, 0.32010838, -0.41955569, 0;
 -0.24873896, 0.94402355, 0.21667583, 0;
 0.4654302, -0.07968758, 0.88148999, 0;
 0.30533165, 0.16725253, -0.4163866, 1]
643 1464105910.1870896816 0.0000000000
[0.87445128, 0.31449944, -0.36935759, 0;
 -0.23081973, 0.93941367, 0.253425, 0;
 0.42668161, -0.13635281, 0.89406419, 0;
 0.34433046, 0.20155084, -0.4778091, 1]
651 1464105910.5074825287 0.0000000000
[0.87633497, 0.31715202, -0.36256251, 0;
 -0.22247942, 0.9340654, 0.27932903, 0;
 0.42724687, -0.16412312, 0.88911402, 0;
 0.35073021, 0.23092447, -0.53418648, 1]
659 1464105910.8271720409 0.0000000000
[0.86305916, 0.33078817, -0.38171726, 0;
 -0.23751564, 0.93273735, 0.27126992, 0;
 0.44577482, -0.14345816, 0.8835749, 0;
 0.33383015, 0.25330099, -0.60564435, 1]
667 1464105911.1473522186 0.0000000000
[0.84565234, 0.33370623, -0.41654801, 0;
 -0.23592432, 0.93376833, 0.26910305, 0;
 0.47876072, -0.12929381, 0.8683728, 0;
 0.30839732, 0.27424711, -0.66836351, 1]
673 1464105911.3881788254 0.0000000000
[0.84556311, 0.32843775, -0.42089391, 0;
 -0.22976474, 0.93550128, 0.26841289, 0;
 0.48190373, -0.13025345, 0.86648881, 0;
 0.30774787, 0.28649217, -0.69828451, 1]
678 1464105911.5898773670 0.0000000000
[0.84809893, 0.32672653, -0.4171066, 0;
 -0.23850356, 0.93838364, 0.25010443, 0;
 0.47312176, -0.11263188, 0.87376761, 0;
 0.31634992, 0.29012775, -0.72629678, 1]
683 1464105911.7899458408 0.0000000000
[0.8542791, 0.34156391, -0.3918435, 0;
 -0.24604374, 0.92972088, 0.27401009, 0;
 0.45789704, -0.13767046, 0.87828076, 0;
 0.33271372, 0.31978315, -0.73750544, 1]
688 1464105911.9873323441 0.0000000000
[0.8585217, 0.35632622, -0.3687439, 0;
 -0.25677791, 0.9211973, 0.29233661, 0;
 0.44385308, -0.15629205, 0.88236457, 0;
 0.347651, 0.34330681, -0.74620855, 1]
690 1464105912.0682032108 0.0000000000
[0.86200529, 0.35696793, -0.35988995, 0;
 -0.25608528, 0.91939372, 0.29855573, 0;
 0.43745539, -0.16519409, 0.88393646, 0;
 0.3560437, 0.34987098, -0.74795443, 1]
694 1464105912.2273480892 0.0000000000
[0.86773729, 0.3440645, -0.3586804, 0;
 -0.24710815, 0.92479527, 0.28929448, 0;
 0.4312419, -0.16239876, 0.88750046, 0;
 0.36789259, 0.3429229, -0.76133794, 1]
698 1464105912.3900485039 0.0000000000
[0.86414874, 0.34823081, -0.36329359, 0;
 -0.25332412, 0.92479181, 0.28387854, 0;
 0.4348262, -0.15328227, 0.88737297, 0;
 0.36533761, 0.3449012, -0.77420455, 1]
704 1464105912.6281583309 0.0000000000
[0.86273521, 0.34637597, -0.36839059, 0;
 -0.24942751, 0.92525148, 0.28582436, 0;
 0.43985665, -0.15470399, 0.88464278, 0;
 0.3615357, 0.34718037, -0.78953516, 1]
710 1464105912.8695607185 0.0000000000
[0.86493695, 0.33877024, -0.37029549, 0;
 -0.24020888, 0.92725307, 0.28723058, 0;
 0.44066283, -0.15948808, 0.88339108, 0;
 0.36105093, 0.34946722, -0.80411357, 1]
718 1464105913.1895697117 0.0000000000
[0.8593992, 0.32241064, -0.39684305, 0;
 -0.22215831, 0.93450195, 0.27812183, 0;
 0.46052006, -0.15085569, 0.87473643, 0;
 0.34552637, 0.34049797, -0.83349252, 1]
752 1464105914.5476465225 0.0000000000
[0.91400194, 0.1594152, -0.37307808, 0;
 -0.10801473, 0.98199505, 0.15497901, 0;
 0.39106685, -0.10135318, 0.91476458, 0;
 0.42689782, 0.25035566, -0.93102008, 1]
757 1464105914.7494957447 0.0000000000
[0.91996127, 0.15319926, -0.36083406, 0;
 -0.10656574, 0.98354459, 0.14588961, 0;
 0.37724656, -0.095760241, 0.92114872, 0;
 0.43976277, 0.25101373, -0.93583667, 1]
808 1464105916.7903981209 0.0000000000
[0.68916923, 0.22077377, -0.69014829, 0;
 -0.23175877, 0.9695819, 0.078732699, 0;
 0.68653738, 0.10568777, 0.71937227, 0;
 0.029298669, 0.18911046, -1.1078638, 1]
821 1464105917.3078088760 0.0000000000
[0.766348, 0.24941896, -0.59203118, 0;
 -0.21788725, 0.96784472, 0.12570514, 0;
 0.60434747, 0.032662161, 0.79605108, 0;
 0.14182061, 0.26209959, -1.0781561, 1]
859 1464105918.8279044628 0.0000000000
[0.60039651, 0.22581805, -0.76715726, 0;
 -0.27295002, 0.9595623, 0.068836279, 0;
 0.75167966, 0.16806652, 0.63775492, 0;
 -0.10385863, 0.14938781, -1.1553849, 1]
865 1464105919.0682313442 0.0000000000
[0.4172059, 0.17736261, -0.89133704, 0;
 -0.25532657, 0.96414483, 0.072340198, 0;
 0.87220848, 0.19740127, 0.4475323, 0;
 -0.34376532, 0.090595081, -1.1537038, 1]
872 1464105919.3484907150 0.0000000000
[0.34115374, 0.10994696, -0.93355548, 0;
 -0.24779344, 0.9685275, 0.023513326, 0;
 0.90675938, 0.22330725, 0.35766092, 0;
 -0.43337959, 0.018552981, -1.1684147, 1]
879 1464105919.6289472580 0.0000000000
[0.31025496, 0.067881584, -0.94822675, 0;
 -0.2395329, 0.97084773, -0.0088729691, 0;
 0.91998142, 0.22988439, 0.31747016, 0;
 -0.47042438, -0.0069996696, -1.2064269, 1]
884 1464105919.8285753727 0.0000000000
[0.30345038, 0.066610843, -0.9505161, 0;
 -0.27493984, 0.96124476, -0.020411305, 0;
 0.912319, 0.26752856, 0.31000406, 0;
 -0.47333947, -0.036290988, -1.2665066, 1]
891 1464105920.1082339287 0.0000000000
[0.34550291, 0.017777503, -0.93824929, 0;
 -0.235439, 0.96948421, -0.06832923, 0;
 0.9084031, 0.24450842, 0.33914512, 0;
 -0.42453626, -0.058713369, -1.3966724, 1]
898 1464105920.3908421993 0.0000000000
[0.33223689, 0.018422581, -0.94301605, 0;
 -0.20421778, 0.9774977, -0.052852385, 0;
 0.92082232, 0.21014015, 0.32852301, 0;
 -0.43955764, -0.030226449, -1.5060649, 1]
904 1464105920.6287803650 0.0000000000
[0.36963135, -0.042887248, -0.9281882, 0;
 -0.17265283, 0.97836798, -0.11396116, 0;
 0.91299707, 0.20237793, 0.35423085, 0;
 -0.3805072, -0.10150741, -1.6358141, 1]
911 1464105920.9083101749 0.0000000000
[0.34650677, -0.053452097, -0.93652332, 0;
 -0.15333298, 0.98171955, -0.11276376, 0;
 0.92543072, 0.18267332, 0.3319765, 0;
 -0.4134945, -0.099321984, -1.7595807, 1]
917 1464105921.1498427391 0.0000000000
[0.45800966, -0.0407633, -0.88801211, 0;
 -0.18016839, 0.97395903, -0.13763399, 0;
 0.87049782, 0.22302942, 0.43873841, 0;
 -0.17827541, -0.13501298, -1.9293746, 1]
923 1464105921.3883478642 0.0000000000
[0.50806481, 0.009536529, -0.86126602, 0;
 -0.16859466, 0.98169678, -0.088584751, 0;
 0.8446573, 0.19021164, 0.50037342, 0;
 -0.030589366, -0.0016182434, -2.0693724, 1]
931 1464105921.7082312107 0.0000000000
[0.44498196, 0.032372709, -0.8949542, 0;
 -0.20980382, 0.97530311, -0.069037847, 0;
 0.87061667, 0.21848541, 0.44078419, 0;
 -0.13437887, 0.016541038, -2.2533669, 1]
938 1464105921.9883782864 0.0000000000
[0.34112126, 0.033262644, -0.93943059, 0;
 -0.23781084, 0.96991801, -0.052010532, 0;
 0.90944064, 0.24114868, 0.33876985, 0;
 -0.36613482, 0.016189516, -2.400806, 1]
943 1464105922.1884140968 0.0000000000
[0.28225115, 0.025263837, -0.95900786, 0;
 -0.26028451, 0.9641732, -0.051205929, 0;
 0.923356, 0.26406783, 0.27871478, 0;
 -0.50152534, -0.025775207, -2.4980621, 1]
948 1464105922.3908946514 0.0000000000
[0.27571124, -0.012894746, -0.96115404, 0;
 -0.28600839, 0.95352268, -0.094835117, 0;
 0.91770506, 0.30104521, 0.25920892, 0;
 -0.50438356, -0.16200778, -2.6196461, 1]
953 1464105922.5951020718 0.0000000000
[0.23680323, -0.054560404, -0.97002441, 0;
 -0.23090939, 0.96665269, -0.11074056, 0;
 0.94371873, 0.25021148, 0.21630797, 0;
 -0.61536938, -0.19267221, -2.7190475, 1]
960 1464105922.8684513569 0.0000000000
[0.19350673, -0.091015361, -0.97686815, 0;
 -0.20593965, 0.96973693, -0.13114531, 0;
 0.95924139, 0.22655338, 0.16890696, 0;
 -0.74418116, -0.28206354, -2.8624492, 1]
966 1464105923.1085808277 0.0000000000
[0.14009121, -0.12789571, -0.98184377, 0;
 -0.22338104, 0.96197474, -0.15717997, 0;
 0.96461153, 0.24134481, 0.10619472, 0;
 -0.91281486, -0.40824088, -2.954185, 1]
973 1464105923.3908612728 0.0000000000
[0.14504296, -0.14508498, -0.97873026, 0;
 -0.21948899, 0.95982605, -0.17480983, 0;
 0.96477312, 0.24017544, 0.10737146, 0;
 -0.90611023, -0.48594737, -3.1178496, 1]
980 1464105923.6685373783 0.0000000000
[0.16183722, -0.16149749, -0.97351283, 0;
 -0.22379084, 0.95480847, -0.19559769, 0;
 0.96110684, 0.24951825, 0.1183819, 0;
 -0.85947418, -0.56676847, -3.3054309, 1]
986 1464105923.9097456932 0.0000000000
[0.1467049, -0.14340033, -0.9787308, 0;
 -0.20886326, 0.9626379, -0.17234959, 0;
 0.96687841, 0.22970544, 0.11127263, 0;
 -0.92452246, -0.50770628, -3.4525404, 1]
993 1464105924.1916360855 0.0000000000
[0.12293155, -0.16725637, -0.97821939, 0;
 -0.22203889, 0.95607275, -0.19137307, 0;
 0.96725726, 0.24072854, 0.080394082, 0;
 -1.0324665, -0.62818867, -3.6007237, 1]
999 1464105924.4290578365 0.0000000000
[0.078560494, -0.16457219, -0.98323154, 0;
 -0.23890054, 0.9544332, -0.17884018, 0;
 0.96786094, 0.24894431, 0.035664357, 0;
 -1.2101141, -0.65317565, -3.7070034, 1]
1006 1464105924.7086482048 0.0000000000
[0.12370118, -0.16651751, -0.97824842, 0;
 -0.24866946, 0.9491629, -0.19301124, 0;
 0.96065682, 0.26713622, 0.076004751, 0;
 -1.0575502, -0.72106344, -3.9391181, 1]
1012 1464105924.9485659599 0.0000000000
[0.12131507, -0.15907308, -0.97978491, 0;
 -0.21609442, 0.95916808, -0.18248223, 0;
 0.96880639, 0.23386389, 0.08198674, 0;
 -1.0870719, -0.65711367, -4.1002312, 1]
1019 1464105925.2286326885 0.0000000000
[0.14195912, -0.18664603, -0.97211671, 0;
 -0.21040109, 0.95393229, -0.2138797, 0;
 0.96725333, 0.23489659, 0.096148856, 0;
 -1.0250218, -0.80771065, -4.2866616, 1]
1026 1464105925.5087397099 0.0000000000
[0.11116803, -0.15153778, -0.98218024, 0;
 -0.23261727, 0.95688343, -0.17396358, 0;
 0.96619403, 0.24781127, 0.071124539, 0;
 -1.1802839, -0.70361274, -4.4535289, 1]
1035 1464105925.8687551022 0.0000000000
[0.16050895, -0.14846681, -0.97580451, 0;
 -0.23130652, 0.9554351, -0.18341498, 0;
 0.95954895, 0.25514969, 0.11901454, 0;
 -0.97290075, -0.73939127, -4.7468181, 1]
1044 1464105926.2287402153 0.0000000000
[0.15768945, -0.11143331, -0.98118126, 0;
 -0.19863813, 0.96972317, -0.14205591, 0;
 0.96730393, 0.21730071, 0.13078021, 0;
 -1.0026776, -0.52816349, -5.0074258, 1]
1052 1464105926.5492019653 0.0000000000
[0.10049793, -0.098836154, -0.99001592, 0;
 -0.21150802, 0.97018713, -0.11832707, 0;
 0.97219574, 0.22128794, 0.076597154, 0;
 -1.3090073, -0.47713619, -5.1525698, 1]
1061 1464105926.9092230797 0.0000000000
[0.10860699, -0.069612034, -0.99164444, 0;
 -0.21415257, 0.97248435, -0.091721468, 0;
 0.97074366, 0.2223248, 0.090711012, 0;
 -1.2867603, -0.36080664, -5.4096088, 1]
1068 1464105927.1888825893 0.0000000000
[0.077182591, -0.034544054, -0.99641836, 0;
 -0.16220275, 0.98565012, -0.046734966, 0;
 0.98373425, 0.16522892, 0.07047189, 0;
 -1.4928758, -0.073229484, -5.5601096, 1]
1076 1464105927.5089764595 0.0000000000
[0.12252268, -0.03877975, -0.9917078, 0;
 -0.18108024, 0.98158985, -0.06075605, 0;
 0.97580642, 0.18702269, 0.11324477, 0;
 -1.2799691, -0.13742441, -5.8205338, 1]
1084 1464105927.8290226460 0.0000000000
[0.12758633, -0.050071571, -0.99056274, 0;
 -0.2117245, 0.97432911, -0.076521493, 0;
 0.96896565, 0.2194895, 0.1137097, 0;
 -1.2771574, -0.2770175, -6.0168271, 1]
1092 1464105928.1489844322 0.0000000000
[0.14320819, -0.014789682, -0.98958206, 0;
 -0.19938588, 0.97895575, -0.043485161, 0;
 0.96940017, 0.20353612, 0.13724563, 0;
 -1.2012824, -0.03125038, -6.2431684, 1]
1101 1464105928.5092740059 0.0000000000
[0.11814069, -0.049269751, -0.99177378, 0;
 -0.15125516, 0.98622072, -0.06701149, 0;
 0.98140955, 0.15792769, 0.10906049, 0;
 -1.3898144, -0.14982741, -6.4334035, 1]
1108 1464105928.7910113335 0.0000000000
[0.098195292, -0.019835912, -0.99496943, 0;
 -0.16778462, 0.98515886, -0.036199287, 0;
 0.98092097, 0.17049517, 0.093409799, 0;
 -1.5482972, 0.015840225, -6.5719399, 1]
1116 1464105929.1092967987 0.0000000000
[0.11724769, -0.043623563, -0.99214411, 0;
 -0.20342772, 0.97679561, -0.06698899, 0;
 0.97204429, 0.20968391, 0.10565279, 0;
 -1.445845, -0.23411693, -6.7948866, 1]
1124 1464105929.4292140007 0.0000000000
[0.12995787, -0.028432405, -0.99111176, 0;
 -0.17632179, 0.98299384, -0.05131942, 0;
 0.97571594, 0.18142396, 0.12273454, 0;
 -1.369048, -0.072155885, -7.0042357, 1]
1133 1464105929.7891666889 0.0000000000
[0.096570872, -0.058252662, -0.99361998, 0;
 -0.19138198, 0.97857106, -0.075970992, 0;
 0.97675329, 0.19749755, 0.083352953, 0;
 -1.6367265, -0.30864349, -7.1734467, 1]
1141 1464105930.1092028618 0.0000000000
[0.14323601, -0.069919206, -0.98721564, 0;
 -0.22910252, 0.96806407, -0.1018035, 0;
 0.96280605, 0.24075553, 0.12264296, 0;
 -1.3065094, -0.51117092, -7.4310608, 1]
1149 1464105930.4292199612 0.0000000000
[0.22218248, -0.041742995, -0.97411114, 0;
 -0.19572197, 0.97683692, -0.086501524, 0;
 0.95515853, 0.20987406, 0.20886604, 0;
 -0.70501888, -0.22594759, -7.7181458, 1]
1155 1464105930.6692442894 0.0000000000
[0.27176118, -0.061767817, -0.96038043, 0;
 -0.19601215, 0.97346669, -0.1180755, 0;
 0.94219166, 0.22033457, 0.25244319, 0;
 -0.31304678, -0.42378062, -7.8947377, 1]
1163 1464105930.9919197559 0.0000000000
[0.26435909, -0.041902408, -0.96351361, 0;
 -0.19948342, 0.97507471, -0.097137429, 0;
 0.94356805, 0.21788415, 0.24941102, 0;
 -0.37688595, -0.26157209, -8.0968084, 1]
1171 1464105931.3129544258 0.0000000000
[0.36407286, -0.018930037, -0.93117809, 0;
 -0.18645482, 0.97807246, -0.092783637, 0;
 0.91251606, 0.20740265, 0.35256004, 0;
 0.49327219, -0.068386734, -8.2955809, 1]
1180 1464105931.6725053787 0.0000000000
[0.45728788, 0.043688253, -0.88824499, 0;
 -0.16551076, 0.98552358, -0.036735654, 0;
 0.87378144, 0.16381288, 0.45789883, 0;
 1.3804508, 0.5459705, -8.3828754, 1]
1187 1464105931.9513008595 0.0000000000
[0.47377393, 0.031628925, -0.88007832, 0;
 -0.14177331, 0.98905897, -0.040775489, 0;
 0.8691597, 0.14408998, 0.4730745, 0;
 1.5666639, 0.5166142, -8.5365372, 1]
1195 1464105932.2694678307 0.0000000000
[0.55934346, 0.085696153, -0.82449442, 0;
 -0.17070809, 0.98523045, -0.013407006, 0;
 0.81116807, 0.14824699, 0.56571126, 0;
 2.4780126, 0.96217674, -8.4762869, 1]
1202 1464105932.5493903160 0.0000000000
[0.60863948, 0.086825363, -0.78868198, 0;
 -0.18718435, 0.98165077, -0.036384255, 0;
 0.77105123, 0.16977382, 0.61372375, 0;
 3.0638313, 0.94291449, -8.4694004, 1]
1209 1464105932.8295023441 0.0000000000
[0.61135435, 0.11978945, -0.78223801, 0;
 -0.18138309, 0.98337287, 0.0088315271, 0;
 0.77028954, 0.13648555, 0.62291706, 0;
 3.1697888, 1.323024, -8.5537577, 1]
1216 1464105933.1094887257 0.0000000000
[0.59667808, 0.1034807, -0.79578078, 0;
 -0.17408721, 0.98472714, -0.002480298, 0;
 0.78337026, 0.1400152, 0.60557973, 0;
 3.0847611, 1.2038801, -8.783452, 1]
1223 1464105933.3916718960 0.0000000000
[0.57924503, 0.12744011, -0.80512995, 0;
 -0.20726392, 0.97826827, 0.0057307705, 0;
 0.7883634, 0.16355488, 0.59307075, 0;
 2.9695468, 1.3680179, -8.9786129, 1]
1230 1464105933.6695661545 0.0000000000
[0.59169817, 0.13093577, -0.79545528, 0;
 -0.20076585, 0.97956693, 0.011902079, 0;
 0.78076011, 0.15265781, 0.60589546, 0;
 3.181221, 1.4616661, -9.0722666, 1]
1237 1464105933.9497339725 0.0000000000
[0.59868491, 0.14137609, -0.78840929, 0;
 -0.20102191, 0.97931761, 0.022961816, 0;
 0.77534932, 0.14474064, 0.61472237, 0;
 3.3284004, 1.6002643, -9.1718435, 1]
1244 1464105934.2311398983 0.0000000000
[0.5779919, 0.10265347, -0.80956012, 0;
 -0.18259335, 0.983172, -0.0056962576, 0;
 0.7953521, 0.15111268, 0.58700931, 0;
 3.1505909, 1.2558746, -9.471777, 1]
1253 1464105934.5897471905 0.0000000000
[0.56795561, 0.084436938, -0.81871653, 0;
 -0.20474412, 0.97794914, -0.04117487, 0;
 0.79718643, 0.1910129, 0.57271969, 0;
 3.1214106, 0.98140979, -9.7402802, 1]
1260 1464105934.8697085381 0.0000000000
[0.5461843, 0.10615475, -0.83091146, 0;
 -0.22450158, 0.97419965, -0.023111137, 0;
 0.80702031, 0.19916388, 0.55592442, 0;
 2.9206095, 1.198014, -9.9593678, 1]
1267 1464105935.1497642994 0.0000000000
[0.5434581, 0.098039411, -0.83369154, 0;
 -0.22960828, 0.97264296, -0.035294991, 0;
 0.80742389, 0.21060383, 0.55110133, 0;
 2.9488091, 1.0908903, -10.14208, 1]
1275 1464105935.4697940350 0.0000000000
[0.50371319, 0.1150141, -0.85618037, 0;
 -0.21677533, 0.97621489, 0.0036042365, 0;
 0.83623052, 0.18378328, 0.51666451, 0;
 2.5258362, 1.3799943, -10.422546, 1]
1284 1464105935.8297560215 0.0000000000
[0.52805626, 0.09140113, -0.84427631, 0;
 -0.22000873, 0.97497106, -0.0320553, 0;
 0.82021505, 0.20267516, 0.53494859, 0;
 2.8932488, 1.0968177, -10.591687, 1]
1292 1464105936.1497945786 0.0000000000
[0.53140026, 0.089921273, -0.84233481, 0;
 -0.19254659, 0.9811452, -0.01673146, 0;
 0.82494819, 0.1710798, 0.53869486, 0;
 2.988857, 1.2027084, -10.758875, 1]
1301 1464105936.5100376606 0.0000000000
[0.45443428, 0.098138638, -0.88535774, 0;
 -0.22245739, 0.97492325, -0.0061157574, 0;
 0.86255562, 0.19973359, 0.46487021, 0;
 2.0707319, 1.2239634, -11.203514, 1]
1308 1464105936.7925050259 0.0000000000
[0.44798809, 0.066970788, -0.89152765, 0;
 -0.24120227, 0.96926761, -0.048392363, 0;
 0.860888, 0.23671769, 0.45037386, 0;
 2.0413911, 0.76420033, -11.426059, 1]
1315 1464105937.0714068413 0.0000000000
[0.43109649, 0.11209022, -0.89531648, 0;
 -0.24146238, 0.9703961, 0.0052253311, 0;
 0.86939734, 0.21393262, 0.44539994, 0;
 1.8676746, 1.3701723, -11.571073, 1]
1322 1464105937.3500320911 0.0000000000
[0.43614349, 0.10487837, -0.89374459, 0;
 -0.2340271, 0.97223008, -0.00011578938, 0;
 0.86891323, 0.20921096, 0.44857618, 0;
 1.9699017, 1.311031, -11.735592, 1]
1331 1464105937.7099981308 0.0000000000
[0.36771053, 0.11993985, -0.9221732, 0;
 -0.2597068, 0.96543664, 0.022010397, 0;
 0.89293975, 0.23140119, 0.38615042, 0;
 1.1221918, 1.447705, -12.054786, 1]
1339 1464105938.0300388336 0.0000000000
[0.39970487, 0.08743459, -0.91246438, 0;
 -0.25336596, 0.96719724, -0.018307695, 0;
 0.88093227, 0.23850508, 0.40874642, 0;
 1.586084, 1.0613995, -12.25026, 1]
1348 1464105938.3901226521 0.0000000000
[0.42003039, 0.10624247, -0.90126967, 0;
 -0.22423877, 0.97447908, 0.010367559, 0;
 0.87936991, 0.19774491, 0.43313453, 0;
 1.8960366, 1.4515182, -12.387057, 1]
1358 1464105938.7901792526 0.0000000000
[0.36613604, 0.12174886, -0.92256254, 0;
 -0.2363154, 0.97106856, 0.034363966, 0;
 0.90005523, 0.20543385, 0.38431433, 0;
 1.1890872, 1.6504847, -12.703231, 1]
1366 1464105939.1101956367 0.0000000000
[0.36965141, 0.10646921, -0.92305046, 0;
 -0.26170802, 0.96512508, 0.0065168296, 0;
 0.89155298, 0.23916075, 0.38462371, 0;
 1.2639503, 1.3540806, -12.932845, 1]
1372 1464105939.3521444798 0.0000000000
[0.37215069, 0.12411647, -0.9198364, 0;
 -0.24425, 0.96918559, 0.031955786, 0;
 0.89545846, 0.21277767, 0.39099854, 0;
 1.3104862, 1.6983374, -13.030169, 1]
1378 1464105939.5928237438 0.0000000000
[0.36343274, 0.11167872, -0.92490244, 0;
 -0.2278669, 0.97329009, 0.02798296, 0;
 0.90332347, 0.20058472, 0.37917337, 0;
 1.1974951, 1.591544, -13.205244, 1]
1384 1464105939.8332469463 0.0000000000
[0.33045959, 0.084940828, -0.93999016, 0;
 -0.21882795, 0.97569877, 0.01123721, 0;
 0.91810173, 0.20198268, 0.34101644, 0;
 0.73544151, 1.2752972, -13.421883, 1]
1391 1464105940.1103415489 0.0000000000
[0.32463193, 0.099555857, -0.94058639, 0;
 -0.25983465, 0.96557194, 0.012521679, 0;
 0.90945041, 0.24033201, 0.33932352, 0;
 0.67383903, 1.321455, -13.587361, 1]
1398 1464105940.3902556896 0.0000000000
[0.33767468, 0.066842735, -0.93888652, 0;
 -0.24278751, 0.96990746, -0.018268373, 0;
 0.90941191, 0.23411869, 0.34374177, 0;
 0.87232018, 0.9431929, -13.781091, 1]
1406 1464105940.7103760242 0.0000000000
[0.3328532, 0.063950479, -0.9408077, 0;
 -0.23249947, 0.97246236, -0.016155014, 0;
 0.91386694, 0.22411452, 0.33855566, 0;
 0.81600791, 0.94771057, -13.986199, 1]
1411 1464105940.9103870392 0.0000000000
[0.28889608, 0.046151187, -0.95624739, 0;
 -0.23591657, 0.97146726, -0.024388049, 0;
 0.92783749, 0.23264022, 0.29154092, 0;
 0.17424394, 0.69243264, -14.15135, 1]
1416 1464105941.1104483604 0.0000000000
[0.22537462, 0.083669156, -0.97067285, 0;
 -0.25264612, 0.96724308, 0.024713157, 0;
 0.94094431, 0.239667, 0.23913074, 0;
 -0.74847126, 1.173315, -14.219618, 1]
1421 1464105941.3103706837 0.0000000000
[0.25568089, 0.08104112, -0.96335852, 0;
 -0.28561056, 0.95833367, 0.004815727, 0;
 0.92360914, 0.27391407, 0.26817381, 0;
 -0.29104185, 1.0046241, -14.375833, 1]
1426 1464105941.5114469528 0.0000000000
[0.26540652, 0.05699455, -0.9624505, 0;
 -0.28664559, 0.95777649, -0.022327971, 0;
 0.92053992, 0.2818082, 0.27053735, 0;
 -0.15306449, 0.6605525, -14.523742, 1]
1433 1464105941.7934248447 0.0000000000
[0.31088546, 0.048771001, -0.94919527, 0;
 -0.24607278, 0.96876127, -0.030818736, 0;
 0.91804051, 0.24315222, 0.31317502, 0;
 0.52424586, 0.70937681, -14.688878, 1]
1439 1464105942.0306158066 0.0000000000
[0.28140199, 0.037353758, -0.95886266, 0;
 -0.22633107, 0.97363359, -0.028493276, 0;
 0.93251657, 0.22503847, 0.28243676, 0;
 0.056434788, 0.63797522, -14.856099, 1]
1451 1464105942.5125179291 0.0000000000
[0.30766246, 0.060472444, -0.94957197, 0;
 -0.26722071, 0.96330494, -0.025232812, 0;
 0.91320145, 0.26150846, 0.31253225, 0;
 0.49324673, 0.82068461, -15.120098, 1]
1455 1464105942.6718354225 0.0000000000
[0.32016096, 0.066395514, -0.94503367, 0;
 -0.25168061, 0.96765608, -0.017280111, 0;
 0.91332024, 0.24337906, 0.32651615, 0;
 0.68871212, 1.0103679, -15.191737, 1]
1459 1464105942.8305518627 0.0000000000
[0.33181915, 0.091901898, -0.93885577, 0;
 -0.2490332, 0.96847117, 0.0067852382, 0;
 0.90987831, 0.23155478, 0.34424391, 0;
 0.86755627, 1.4472944, -15.255177, 1]
1469 1464105943.2328815460 0.0000000000
[0.32944006, 0.06436196, -0.94198024, 0;
 -0.24139403, 0.97025782, -0.018129006, 0;
 0.91279691, 0.23336083, 0.33517841, 0;
 0.85479754, 1.0588619, -15.550409, 1]
1473 1464105943.3931343555 0.0000000000
[0.32018954, 0.083276913, -0.94368619, 0;
 -0.25798032, 0.96614748, -0.0022728057, 0;
 0.91155076, 0.2441802, 0.33083412, 0;
 0.71749067, 1.2930403, -15.634031, 1]
1477 1464105943.5507130623 0.0000000000
[0.3764554, 0.023497982, -0.92613667, 0;
 -0.26404268, 0.96093768, -0.082946934, 0;
 0.88801056, 0.27576542, 0.36795467, 0;
 1.7438426, 0.18471494, -15.678025, 1]
1482 1464105943.7506787777 0.0000000000
[0.36740154, 0.077906735, -0.92679375, 0;
 -0.26084486, 0.96512371, -0.022275902, 0;
 0.89273518, 0.24993359, 0.37490949, 0;
 1.5506499, 1.1919302, -15.82217, 1]
1487 1464105943.9506938457 0.0000000000
[0.37914068, 0.095394321, -0.92040873, 0;
 -0.24283227, 0.97006816, 0.00051216682, 0;
 0.8929081, 0.22331077, 0.39095712, 0;
 1.7543184, 1.5824467, -15.895099, 1]
1492 1464105944.1538064480 0.0000000000
[0.39382732, 0.069627106, -0.91654354, 0;
 -0.23660715, 0.97120512, -0.027887551, 0;
 0.88821006, 0.22784364, 0.39896137, 0;
 2.0227034, 1.1644908, -16.035006, 1]
1495 1464105944.2716174126 0.0000000000
[0.37558091, 0.078984447, -0.92341781, 0;
 -0.24561436, 0.96921861, -0.016996507, 0;
 0.89365125, 0.23318824, 0.38341972, 0;
 1.7119253, 1.2963951, -16.142485, 1]
1499 1464105944.4306025505 0.0000000000
[0.33936664, 0.11329834, -0.93380606, 0;
 -0.25874785, 0.96566796, 0.023129199, 0;
 0.90436709, 0.23377104, 0.3570312, 0;
 1.0943027, 1.8413671, -16.244606, 1]
1503 1464105944.5969882011 0.0000000000
[0.34815031, 0.088222511, -0.9332782, 0;
 -0.26790223, 0.96340531, -0.0088678934, 0;
 0.89834279, 0.25311467, 0.35904485, 0;
 1.2614859, 1.3585852, -16.385015, 1]
1507 1464105944.7508220673 0.0000000000
[0.36604521, 0.069899321, -0.9279682, 0;
 -0.26361004, 0.96411943, -0.031360883, 0;
 0.89248008, 0.25610122, 0.37133747, 0;
 1.5906732, 1.0633808, -16.485363, 1]
1511 1464105944.9118335247 0.0000000000
[0.38748658, 0.086106434, -0.91784519, 0;
 -0.26157165, 0.96497887, -0.019899439, 0;
 0.88398778, 0.24779305, 0.39643937, 0;
 1.9827437, 1.3766792, -16.519014, 1]
1515 1464105945.0741777420 0.0000000000
[0.38569996, 0.074327886, -0.9196254, 0;
 -0.24916485, 0.96810514, -0.026255976, 0;
 0.8883425, 0.23926525, 0.391918, 0;
 1.9571546, 1.2381289, -16.627264, 1]
1518 1464105945.1983203888 0.0000000000
[0.3844164, 0.058507401, -0.92130393, 0;
 -0.24671936, 0.96819973, -0.041458763, 0;
 0.88958055, 0.24324095, 0.38662678, 0;
 1.94063, 0.96155626, -16.719864, 1]
1521 1464105945.3109030724 0.0000000000
[0.37630823, 0.053630672, -0.924941, 0;
 -0.24217001, 0.96931034, -0.042322487, 0;
 0.89428508, 0.23991928, 0.37774718, 0;
 1.7995971, 0.89688474, -16.814377, 1]
1525 1464105945.4738979340 0.0000000000
[0.35694358, 0.059896976, -0.93220365, 0;
 -0.24659051, 0.96858513, -0.032185648, 0;
 0.90099078, 0.24136104, 0.36050028, 0;
 1.4539772, 1.0036392, -16.937675, 1]
1528 1464105945.5971293449 0.0000000000
[0.33522397, 0.063460082, -0.93999881, 0;
 -0.24796903, 0.96849376, -0.023047341, 0;
 0.90892035, 0.24081661, 0.34039846, 0;
 1.0603333, 1.070168, -17.025921, 1]
1531 1464105945.7107961178 0.0000000000
[0.31860346, 0.062907271, -0.94579834, 0;
 -0.25825793, 0.96580786, -0.02275911, 0;
 0.91202778, 0.25151104, 0.32395601, 0;
 0.75630349, 1.0112391, -17.106159, 1]
1534 1464105945.8308424950 0.0000000000
[0.3258608, 0.048806295, -0.94415712, 0;
 -0.26817232, 0.96241951, -0.042805076, 0;
 0.90658611, 0.26714531, 0.32670328, 0;
 0.88824892, 0.69162482, -17.179884, 1]
1536 1464105945.9139854908 0.0000000000
[0.32677069, 0.049106263, -0.94382703, 0;
 -0.28336549, 0.95779628, -0.048273403, 0;
 0.90162349, 0.28322235, 0.32689476, 0;
 0.91142654, 0.60856754, -17.229153, 1]
1539 1464105946.0309064388 0.0000000000
[0.33527544, 0.043570071, -0.9411121, 0;
 -0.28887039, 0.95556867, -0.058672018, 0;
 0.89674091, 0.2915307, 0.33296481, 0;
 1.0704994, 0.45526117, -17.28776, 1]
1542 1464105946.1508913040 0.0000000000
[0.30811265, 0.06214314, -0.94931805, 0;
 -0.30346894, 0.95215476, -0.036165684, 0;
 0.90165025, 0.29923165, 0.31222945, 0;
 0.5714792, 0.71476376, -17.357975, 1]
1546 1464105946.3109774590 0.0000000000
[0.30200973, 0.038672898, -0.95252007, 0;
 -0.28753942, 0.95633757, -0.052340481, 0;
 0.90890658, 0.2896944, 0.29994324, 0;
 0.48430198, 0.35296652, -17.469055, 1]
1550 1464105946.4717071056 0.0000000000
[0.26870045, 0.024748648, -0.96290582, 0;
 -0.28958875, 0.95549679, -0.056252003, 0;
 0.91866124, 0.29396164, 0.26390934, 0;
 -0.083472028, 0.092249408, -17.536142, 1]
1559 1464105946.8309874535 0.0000000000
[0.090307362, 0.012101739, -0.99584043, 0;
 -0.30763146, 0.95136535, -0.016336162, 0;
 0.94721037, 0.30782712, 0.089638174, 0;
 -3.3134205, -0.13316309, -17.387346, 1]
1561 1464105946.9120020866 0.0000000000
[0.041638039, -0.0045962008, -0.9991222, 0;
 -0.3120082, 0.94992054, -0.017372686, 0;
 0.94916654, 0.31245768, 0.038118776, 0;
 -4.2081499, -0.47387442, -17.257833, 1]
1565 1464105947.0709819794 0.0000000000
[-0.0021705462, -0.013395836, -0.99990791, 0;
 -0.3144649, 0.94919282, -0.012033778, 0;
 0.94926661, 0.31440982, -0.0062727868, 0;
 -4.9616823, -0.63802713, -17.119877, 1]
1571 1464105947.3111398220 0.0000000000
[-0.071932279, -0.050619505, -0.99612421, 0;
 -0.32571405, 0.94515061, -0.024508692, 0;
 0.94272798, 0.3226887, -0.084474318, 0;
 -6.1272073, -1.3235048, -16.792385, 1]
1574 1464105947.4310619831 0.0000000000
[-0.11221275, -0.066295169, -0.99147022, 0;
 -0.32966188, 0.94374663, -0.025793592, 0;
 0.93740672, 0.3239556, -0.1277554, 0;
 -6.7998428, -1.6090766, -16.557516, 1]
1582 1464105947.7511253357 0.0000000000
[-0.30995974, -0.095671237, -0.94592386, 0;
 -0.32144874, 0.94687867, 0.0095643131, 0;
 0.89476013, 0.30703059, -0.32424769, 0;
 -10.0443, -2.0873568, -14.946016, 1]
1586 1464105947.9111335278 0.0000000000
[-0.38663128, -0.095875993, -0.91723716, 0;
 -0.31953007, 0.94690299, 0.035710569, 0;
 0.86511081, 0.30689168, -0.39673761, 0;
 -11.202684, -2.0691903, -14.128201, 1]
1590 1464105948.0711255074 0.0000000000
[-0.44826406, -0.10722451, -0.887447, 0;
 -0.32342798, 0.94497317, 0.049193751, 0;
 0.83333886, 0.30907696, -0.45827693, 0;
 -12.105405, -2.2647665, -13.345603, 1]
1593 1464105948.1934294701 0.0000000000
[-0.50143439, -0.10995387, -0.85818046, 0;
 -0.32864574, 0.94175309, 0.071365952, 0;
 0.80034715, 0.31782269, -0.50836325, 0;
 -12.867954, -2.3539934, -12.610489, 1]
1595 1464105948.2715404034 0.0000000000
[-0.52274424, -0.12011448, -0.8439852, 0;
 -0.33184993, 0.94060534, 0.071674623, 0;
 0.7852478, 0.31754392, -0.53155595, 0;
 -13.161387, -2.5311754, -12.281301, 1]
1598 1464105948.3942747116 0.0000000000
[-0.54617471, -0.12992376, -0.82753432, 0;
 -0.33118853, 0.94089991, 0.070862979, 0;
 0.76942015, 0.31277344, -0.556925, 0;
 -13.475645, -2.6732864, -11.920846, 1]
1601 1464105948.5133433342 0.0000000000
[-0.55799294, -0.13795608, -0.81829822, 0;
 -0.3266972, 0.94297338, 0.06379804, 0;
 0.76283211, 0.30293459, -0.57124233, 0;
 -13.62225, -2.7547758, -11.73948, 1]
1605 1464105948.6713032722 0.0000000000
[-0.56980443, -0.14002791, -0.80976236, 0;
 -0.32778943, 0.94232172, 0.067704469, 0;
 0.75357616, 0.30400985, -0.58283877, 0;
 -13.755997, -2.7814326, -11.598144, 1]
1608 1464105948.7930111885 0.0000000000
[-0.58054233, -0.1404746, -0.80202091, 0;
 -0.32645285, 0.94252664, 0.071218386, 0;
 0.74592167, 0.30316728, -0.59303492, 0;
 -13.885849, -2.7787139, -11.454269, 1]
1613 1464105948.9912667274 0.0000000000
[-0.61048698, -0.13860017, -0.77980489, 0;
 -0.32630104, 0.94114435, 0.088175595, 0;
 0.72168779, 0.30828118, -0.61978173, 0;
 -14.273335, -2.7546701, -10.990547, 1]
1631 1464105949.7119512558 0.0000000000
[-0.72425473, -0.202489, -0.65913075, 0;
 -0.31791958, 0.94630373, 0.058620594, 0;
 0.61186785, 0.2520068, -0.74974012, 0;
 -15.703399, -3.6083958, -8.6944952, 1]
1636 1464105949.9114375114 0.0000000000
[-0.73214334, -0.19931282, -0.6513375, 0;
 -0.31525281, 0.94680399, 0.06463635, 0;
 0.60380608, 0.25265905, -0.7560302, 0;
 -15.776736, -3.5398135, -8.626153, 1]
1641 1464105950.1113033295 0.0000000000
[-0.74955058, -0.18986946, -0.63413209, 0;
 -0.31823662, 0.94336951, 0.093698762, 0;
 0.58043033, 0.27203602, -0.76752657, 0;
 -15.986539, -3.445729, -8.3415804, 1]
1652 1464105950.5541050434 0.0000000000
[-0.81058347, -0.21303409, -0.54550064, 0;
 -0.2983751, 0.9517532, 0.07168103, 0;
 0.50391144, 0.22086726, -0.83503944, 0;
 -16.741724, -3.641444, -6.7565703, 1]
1659 1464105950.8313117027 0.0000000000
[-0.83088905, -0.23705289, -0.50341767, 0;
 -0.31459343, 0.94636863, 0.07360255, 0;
 0.45897102, 0.21952745, -0.86090261, 0;
 -16.938, -4.075119, -6.050282, 1]
1665 1464105951.0713706017 0.0000000000
[-0.83448309, -0.23908579, -0.49646345, 0;
 -0.31692177, 0.94528228, 0.077472575, 0;
 0.4507755, 0.22198963, -0.86459357, 0;
 -16.969412, -4.1050835, -6.0369649, 1]
1671 1464105951.3114871979 0.0000000000
[-0.86108744, -0.13945554, -0.48895866, 0;
 -0.22326636, 0.96768689, 0.11719306, 0;
 0.45681566, 0.21008149, -0.86439878, 0;
 -17.370426, -2.2303967, -5.9842896, 1]
1677 1464105951.5515530109 0.0000000000
[-0.88777578, -0.11110932, -0.44666424, 0;
 -0.20843032, 0.96227151, 0.17490108, 0;
 0.41037911, 0.2483713, -0.87743986, 0;
 -17.685225, -1.8345183, -5.2492366, 1]
1682 1464105951.7526116371 0.0000000000
[-0.91141874, -0.10232069, -0.39855534, 0;
 -0.18865213, 0.96470124, 0.1837441, 0;
 0.365686, 0.24265613, -0.8985498, 0;
 -17.952438, -1.6293381, -4.3973298, 1]
1708 1464105952.7941474915 0.0000000000
[-0.96559745, -0.11830147, -0.23157367, 0;
 -0.18078543, 0.94550598, 0.27080455, 0;
 0.18691771, 0.30335334, -0.93436533, 0;
 -18.475798, -2.0560467, -1.6552529, 1]
1714 1464105953.0316920280 0.0000000000
[-0.9727307, -0.15822199, -0.16959012, 0;
 -0.20100319, 0.93990177, 0.27601165, 0;
 0.11572694, 0.30257314, -0.94607437, 0;
 -18.468071, -2.7851176, -0.59230483, 1]
1720 1464105953.2731156349 0.0000000000
[-0.97256237, -0.17903127, -0.14856067, 0;
 -0.21444641, 0.93747938, 0.27412626, 0;
 0.09019538, 0.2984632, -0.95014971, 0;
 -18.448599, -3.1444197, -0.32211199, 1]
1726 1464105953.5117242336 0.0000000000
[-0.97814417, -0.17919232, -0.10547112, 0;
 -0.20446096, 0.92115301, 0.33116886, 0;
 0.037812121, 0.34549561, -0.93765825, 0;
 -18.46442, -3.2452307, 0.38673723, 1]
1738 1464105953.9916985035 0.0000000000
[-0.97707742, -0.21260199, 0.010960326, 0;
 -0.19368081, 0.90912926, 0.36874339, 0;
 -0.08835993, 0.35816801, -0.92946661, 0;
 -18.283936, -3.8584917, 2.3531272, 1]
1744 1464105954.2348411083 0.0000000000
[-0.97150278, -0.23687726, 0.0084583675, 0;
 -0.22277611, 0.92469376, 0.30872676, 0;
 -0.080951743, 0.29804456, -0.95111316, 0;
 -18.288374, -4.1731148, 2.1662955, 1]
1751 1464105954.5118510723 0.0000000000
[-0.97443819, -0.22456901, 0.0062460848, 0;
 -0.20658544, 0.90663677, 0.36787534, 0;
 -0.088276327, 0.35718143, -0.92985415, 0;
 -18.384951, -4.0359077, 2.0024834, 1]
1758 1464105954.7918322086 0.0000000000
[-0.98268288, -0.18484649, 0.012888822, 0;
 -0.16975726, 0.92598116, 0.3372556, 0;
 -0.074275322, 0.32922733, -0.94132489, 0;
 -18.603012, -3.2064602, 1.9768806, 1]
1767 1464105955.1519138813 0.0000000000
[-0.96484941, -0.24086373, 0.10512043, 0;
 -0.18307397, 0.90299469, 0.38869587, 0;
 -0.18854593, 0.35578814, -0.91534978, 0;
 -18.189411, -4.2880249, 3.5664933, 1]
1774 1464105955.4347765446 0.0000000000
[-0.95880902, -0.260847, 0.11244617, 0;
 -0.20187649, 0.90425003, 0.37626821, 0;
 -0.19982789, 0.33806911, -0.91966194, 0;
 -18.152729, -4.6222754, 3.5573211, 1]
1782 1464105955.7519743443 0.0000000000
[-0.97173518, -0.22634546, 0.067070544, 0;
 -0.18649985, 0.9102298, 0.36972904, 0;
 -0.1447361, 0.34677008, -0.92671567, 0;
 -18.528408, -3.930208, 2.5414205, 1]
1789 1464105956.0322055817 0.0000000000
[-0.96752548, -0.21968918, 0.12502462, 0;
 -0.16807868, 0.92856407, 0.33093548, 0;
 -0.18879631, 0.29917452, -0.93533444, 0;
 -18.463625, -3.7110152, 3.4835808, 1]
1796 1464105956.3127591610 0.0000000000
[-0.95601922, -0.24094139, 0.16725579, 0;
 -0.17902164, 0.93104988, 0.31795812, 0;
 -0.23233275, 0.27403167, -0.93323529, 0;
 -18.286335, -4.0743651, 4.1495509, 1]
1804 1464105956.6319887638 0.0000000000
[-0.95608741, -0.22685616, 0.18556158, 0;
 -0.16148227, 0.93611836, 0.31241941, 0;
 -0.24458188, 0.26873535, -0.93164426, 0;
 -18.346989, -3.7735248, 4.3418632, 1]
1812 1464105956.9521045685 0.0000000000
[-0.93982798, -0.22509867, 0.25700957, 0;
 -0.14572504, 0.94451898, 0.29436058, 0;
 -0.3090106, 0.23919557, -0.92048788, 0;
 -18.067041, -3.7001033, 5.5527105, 1]
1819 1464105957.2325563431 0.0000000000
[-0.91443515, -0.24174373, 0.32460496, 0;
 -0.12746044, 0.93322116, 0.3359347, 0;
 -0.38413832, 0.26581621, -0.88418293, 0;
 -17.616961, -4.019763, 6.7644882, 1]
1825 1464105957.4720804691 0.0000000000
[-0.89513391, -0.26521969, 0.35832077, 0;
 -0.1400288, 0.93037063, 0.33882508, 0;
 -0.42323419, 0.2531186, -0.86994469, 0;
 -17.311592, -4.460403, 7.3155236, 1]
1829 1464105957.6329586506 0.0000000000
[-0.88003832, -0.27881566, 0.38444036, 0;
 -0.14559044, 0.92892992, 0.34043002, 0;
 -0.4520354, 0.24362062, -0.85808682, 0;
 -17.060616, -4.7155023, 7.7476478, 1]
1834 1464105957.8321504593 0.0000000000
[-0.87132537, -0.28713283, 0.39792824, 0;
 -0.1396111, 0.92247468, 0.35992941, 0;
 -0.47042629, 0.25806043, -0.84386253, 0;
 -16.931501, -4.8623748, 7.9420152, 1]
1838 1464105957.9949727058 0.0000000000
[-0.86115479, -0.27478093, 0.42767727, 0;
 -0.13465211, 0.93456626, 0.32932466, 0;
 -0.49018487, 0.22601187, -0.84180605, 0;
 -16.770763, -4.6032372, 8.4292374, 1]
1843 1464105958.1946673393 0.0000000000
[-0.84305245, -0.26550955, 0.46772563, 0;
 -0.11149202, 0.93703538, 0.33095947, 0;
 -0.52614838, 0.22686853, -0.81957215, 0;
 -16.449282, -4.412251, 9.1227779, 1]
1848 1464105958.3952128887 0.0000000000
[-0.79115099, -0.29774439, 0.53425503, 0;
 -0.10545187, 0.9268294, 0.36037081, 0;
 -0.60246164, 0.22876953, -0.7646597, 0;
 -15.494309, -5.0181499, 10.369223, 1]
1852 1464105958.5534636974 0.0000000000
[-0.75941235, -0.32306582, 0.56473124, 0;
 -0.12108146, 0.9230178, 0.36520869, 0;
 -0.63924342, 0.20896553, -0.74006844, 0;
 -14.931536, -5.5054941, 10.907065, 1]
1857 1464105958.7525177002 0.0000000000
[-0.72786593, -0.33977774, 0.5956192, 0;
 -0.13702472, 0.9231559, 0.35917607, 0;
 -0.67188942, 0.17981748, -0.71849167, 0;
 -14.378255, -5.8281198, 11.420104, 1]
1862 1464105958.9527826309 0.0000000000
[-0.69934034, -0.33545196, 0.63118547, 0;
 -0.11719416, 0.9248988, 0.36170116, 0;
 -0.70511603, 0.17898095, -0.68613207, 0;
 -13.855709, -5.7195363, 12.045422, 1]
1867 1464105959.1553025246 0.0000000000
[-0.65683538, -0.32431147, 0.68072706, 0;
 -0.11438506, 0.93518794, 0.33517104, 0;
 -0.74530756, 0.14228718, -0.65136087, 0;
 -13.079349, -5.4999447, 12.919673, 1]
1871 1464105959.3127880096 0.0000000000
[-0.62861937, -0.31335545, 0.71179074, 0;
 -0.090018794, 0.93840092, 0.333617, 0;
 -0.77248579, 0.14564355, -0.61810488, 0;
 -12.555909, -5.2764235, 13.469701, 1]
1876 1464105959.5123965740 0.0000000000
[-0.58724189, -0.32826573, 0.73985714, 0;
 -0.065959431, 0.9304359, 0.3604697, 0;
 -0.80671948, 0.16288236, -0.56804317, 0;
 -11.788157, -5.5335417, 13.981841, 1]
1879 1464105959.6323187351 0.0000000000
[-0.54014307, -0.34324747, 0.76839226, 0;
 -0.06774921, 0.92781448, 0.36683828, 0;
 -0.8388418, 0.14608717, -0.52440727, 0;
 -10.916787, -5.8179002, 14.515474, 1]
1883 1464105959.7950844765 0.0000000000
[-0.5131191, -0.33195302, 0.79152763, 0;
 -0.071523741, 0.93551457, 0.34597239, 0;
 -0.85533214, 0.12091203, -0.50377291, 0;
 -10.417875, -5.6017237, 14.888345, 1]
1887 1464105959.9524528980 0.0000000000
[-0.48270947, -0.33555517, 0.80894643, 0;
 -0.092885375, 0.93809217, 0.33369949, 0;
 -0.87084091, 0.085940614, -0.48399413, 0;
 -9.8621817, -5.6734695, 15.147434, 1]
1891 1464105960.1124138832 0.0000000000
[-0.47175041, -0.32293001, 0.82046801, 0;
 -0.08083307, 0.94243932, 0.32445979, 0;
 -0.87801909, 0.086743094, -0.47069955, 0;
 -9.641367, -5.4062376, 15.298657, 1]
1895 1464105960.2724382877 0.0000000000
[-0.45485392, -0.315997, 0.83261865, 0;
 -0.090095371, 0.94646299, 0.30998495, 0;
 -0.88599706, 0.065982781, -0.45897228, 0;
 -9.3214684, -5.2662172, 15.456287, 1]
1900 1464105960.4724271297 0.0000000000
[-0.48703167, -0.25458097, 0.83545715, 0;
 -0.058966022, 0.9639765, 0.25936908, 0;
 -0.87139153, 0.077057369, -0.48449871, 0;
 -9.8689976, -4.0742564, 15.3546, 1]
1905 1464105960.6724007130 0.0000000000
[-0.44701377, -0.28294533, 0.8485992, 0;
 -0.052136879, 0.95528513, 0.2910533, 0;
 -0.89300638, 0.085861512, -0.4417775, 0;
 -9.1038265, -4.5716567, 15.564076, 1]
1910 1464105960.8724496365 0.0000000000
[-0.38661978, -0.31316289, 0.86744118, 0;
 -0.066719964, 0.94761467, 0.31236985, 0;
 -0.91982257, 0.06289272, -0.38726076, 0;
 -7.9792123, -5.1310649, 15.883627, 1]
1916 1464105961.1125562191 0.0000000000
[-0.36455142, -0.28669679, 0.88594991, 0;
 -0.06596493, 0.95698458, 0.28254056, 0;
 -0.92884386, 0.044558942, -0.36778203, 0;
 -7.5325518, -4.6223845, 16.097925, 1]
1921 1464105961.3125600815 0.0000000000
[-0.3459281, -0.29551771, 0.89050716, 0;
 -0.028705493, 0.95199299, 0.30477101, 0;
 -0.93782181, 0.079866402, -0.33780411, 0;
 -7.152257, -4.7188792, 16.121208, 1]
1926 1464105961.5126221180 0.0000000000
[-0.36733556, -0.26533812, 0.89143717, 0;
 -0.034942511, 0.96170384, 0.27185431, 0;
 -0.92943186, 0.068712696, -0.36253959, 0;
 -7.5304375, -4.154654, 15.986455, 1]
1930 1464105961.6729094982 0.0000000000
[-0.34817961, -0.24033861, 0.90609509, 0;
 -0.030390695, 0.96896172, 0.24533571, 0;
 -0.93693507, 0.057884034, -0.34467676, 0;
 -7.185595, -3.6892788, 16.167326, 1]
1945 1464105962.2726395130 0.0000000000
[-0.34554401, -0.2478898, 0.90506905, 0;
 -0.10302855, 0.96866953, 0.22597438, 0;
 -0.9327296, -0.015163862, -0.36025769, 0;
 -7.1740189, -3.8472943, 15.792559, 1]
1950 1464105962.4727101326 0.0000000000
[-0.34668508, -0.27952969, 0.89536172, 0;
 -0.078180186, 0.95985198, 0.26939192, 0;
 -0.93471777, 0.023394611, -0.35462004, 0;
 -7.1829205, -4.3441648, 15.546551, 1]
1956 1464105962.7126526833 0.0000000000
[-0.36629412, -0.21544237, 0.90521443, 0;
 -0.043886926, 0.97574413, 0.21446976, 0;
 -0.92946357, 0.038831931, -0.36686447, 0;
 -7.5046024, -3.1770561, 15.534095, 1]
1961 1464105962.9126710892 0.0000000000
[-0.32698014, -0.22851743, 0.91698623, 0;
 -0.049902491, 0.97314513, 0.22471821, 0;
 -0.94371271, 0.027718494, -0.32960272, 0;
 -6.8420534, -3.3922803, 15.68366, 1]
1967 1464105963.1526813507 0.0000000000
[-0.32538822, -0.20310365, 0.92351037, 0;
 -0.076073311, 0.97911674, 0.18852936, 0;
 -0.94251543, -0.0089092618, -0.3340438, 0;
 -6.8333068, -2.9729037, 15.637785, 1]
1973 1464105963.3948769569 0.0000000000
[-0.35809514, -0.17538172, 0.9170655, 0;
 -0.076184317, 0.98441333, 0.15851305, 0;
 -0.93057179, -0.013103253, -0.36587498, 0;
 -7.3870931, -2.4874759, 15.331328, 1]
1981 1464105963.7127962112 0.0000000000
[-0.34391618, -0.20810607, 0.91564924, 0;
 -0.047535092, 0.97774017, 0.20436382, 0;
 -0.93779641, 0.026758559, -0.34615302, 0;
 -7.1446466, -2.9806902, 15.180617, 1]
1988 1464105963.9931361675 0.0000000000
[-0.30928597, -0.19264227, 0.93125248, 0;
 -0.036462579, 0.98094898, 0.19081278, 0;
 -0.95026982, 0.025059847, -0.31041798, 0;
 -6.5784378, -2.6959715, 15.338029, 1]
1996 1464105964.3129794598 0.0000000000
[-0.25568375, -0.20243642, 0.94532818, 0;
 -0.052776642, 0.97929543, 0.19543576, 0;
 -0.96531886, 7.850612e-05, -0.26107383, 0;
 -5.7132435, -2.8825915, 15.480637, 1]
2002 1464105964.5528702736 0.0000000000
[-0.25258827, -0.22582528, 0.94085181, 0;
 -0.070281982, 0.97409594, 0.21493617, 0;
 -0.96501791, -0.011834574, -0.26191667, 0;
 -5.6742139, -3.2808144, 15.290006, 1]
2009 1464105964.8328897953 0.0000000000
[-0.24509415, -0.22416711, 0.94322741, 0;
 -0.055179976, 0.97454995, 0.21727291, 0;
 -0.96792769, 0.0012050521, -0.25122604, 0;
 -5.5583029, -3.2096112, 15.194479, 1]
2015 1464105965.0728549957 0.0000000000
[-0.22652817, -0.20310228, 0.95259356, 0;
 -0.041414615, 0.97914147, 0.1989141, 0;
 -0.97312373, 0.0056083496, -0.23021452, 0;
 -5.2725492, -2.8356822, 15.244518, 1]
2021 1464105965.3129749298 0.0000000000
[-0.18020327, -0.23737395, 0.95455772, 0;
 -0.045688722, 0.97141695, 0.23294121, 0;
 -0.98256773, -0.0016357535, -0.18589783, 0;
 -4.550808, -3.3846352, 15.245196, 1]
2028 1464105965.6000001431 0.0000000000
[-0.20571607, -0.22645178, 0.95205069, 0;
 -0.075725496, 0.973625, 0.21522085, 0;
 -0.97567749, -0.027820121, -0.21743849, 0;
 -4.9800987, -3.2403193, 14.987823, 1]
2034 1464105965.8329663277 0.0000000000
[-0.21736541, -0.27192062, 0.93744946, 0;
 -0.065074481, 0.96231294, 0.2640439, 0;
 -0.97391868, -0.0036100228, -0.22686864, 0;
 -5.1690893, -3.9047194, 14.634116, 1]
2041 1464105966.1130440235 0.0000000000
[-0.24192251, -0.21932574, 0.94518238, 0;
 -0.051317334, 0.97564679, 0.21326004, 0;
 -0.96893758, 0.0030881658, -0.24728614, 0;
 -5.5589881, -3.0348508, 14.539359, 1]
2046 1464105966.3130531311 0.0000000000
[-0.21597691, -0.2502712, 0.94377875, 0;
 -0.060574085, 0.96816432, 0.24287583, 0;
 -0.9745177, -0.0047129621, -0.22426109, 0;
 -5.1735611, -3.5106857, 14.466761, 1]
2053 1464105966.5942382812 0.0000000000
[-0.24568753, -0.23697184, 0.93993723, 0;
 -0.10249516, 0.97057319, 0.21790469, 0;
 -0.96391511, -0.042802561, -0.26274619, 0;
 -5.6390505, -3.356168, 14.167468, 1]
2058 1464105966.7935273647 0.0000000000
[-0.29246745, -0.2534022, 0.92209011, 0;
 -0.096402086, 0.96715218, 0.23520915, 0;
 -0.95140392, -0.020100396, -0.307289, 0;
 -6.3304391, -3.548826, 13.701398, 1]
2066 1464105967.1131639481 0.0000000000
[-0.34086052, -0.22520722, 0.91274083, 0;
 -0.074972317, 0.97430283, 0.21239865, 0;
 -0.93711966, 0.0039680195, -0.34898567, 0;
 -7.0248075, -3.0349934, 13.294776, 1]
2073 1464105967.3932034969 0.0000000000
[-0.3592104, -0.22671214, 0.9053008, 0;
 -0.072987065, 0.97389823, 0.21493059, 0;
 -0.93039817, 0.011130058, -0.36638141, 0;
 -7.2723513, -3.0157361, 12.996338, 1]
2079 1464105967.6331634521 0.0000000000
[-0.39412725, -0.25749576, 0.88224691, 0;
 -0.078169368, 0.96586269, 0.24697945, 0;
 -0.91572553, 0.028376646, -0.40080109, 0;
 -7.7482152, -3.4320168, 12.462969, 1]
2084 1464105967.8340997696 0.0000000000
[-0.42957327, -0.27090934, 0.86143774, 0;
 -0.10104382, 0.96236867, 0.2522631, 0;
 -0.8973611, 0.021322526, -0.44078156, 0;
 -8.2161255, -3.6316793, 11.960236, 1]
2090 1464105968.0764362812 0.0000000000
[-0.4778643, -0.32687128, 0.81535321, 0;
 -0.089288175, 0.94145668, 0.3250953, 0;
 -0.87388402, 0.082550041, -0.47907427, 0;
 -8.8401823, -4.3048983, 11.099372, 1]
2096 1464105968.3133258820 0.0000000000
[-0.55551332, -0.29452625, 0.77759838, 0;
 -0.082405306, 0.95006347, 0.30097976, 0;
 -0.82741421, 0.10312004, -0.55204344, 0;
 -9.8333187, -3.7563176, 10.253364, 1]
2101 1464105968.5134696960 0.0000000000
[-0.58686399, -0.31374452, 0.74642819, 0;
 -0.071389884, 0.93833405, 0.33827904, 0;
 -0.80653214, 0.14523636, -0.57307267, 0;
 -10.199432, -3.9155922, 9.6706362, 1]
2106 1464105968.7133033276 0.0000000000
[-0.6247021, -0.35224456, 0.69690108, 0;
 -0.092942551, 0.91967225, 0.38152927, 0;
 -0.77531219, 0.17357036, -0.60725969, 0;
 -10.636741, -4.3843513, 8.8067198, 1]
2112 1464105968.9538586140 0.0000000000
[-0.72028661, -0.34331238, 0.60276347, 0;
 -0.10749733, 0.91368616, 0.39194629, 0;
 -0.68529665, 0.2175182, -0.69502109, 0;
 -11.745257, -4.1295028, 7.1634336, 1]
2117 1464105969.1533823013 0.0000000000
[-0.79956055, -0.33275184, 0.49997914, 0;
 -0.10178793, 0.895522, 0.43322003, 0;
 -0.59189707, 0.29549381, -0.74989414, 0;
 -12.608637, -3.7732077, 5.5253878, 1]
2124 1464105969.4337780476 0.0000000000
[-0.86246139, -0.2964519, 0.41021541, 0;
 -0.092327662, 0.88905942, 0.44838476, 0;
 -0.49763039, 0.3488403, -0.79415011, 0;
 -13.187542, -3.1039648, 4.0625563, 1]
2130 1464105969.6734669209 0.0000000000
[-0.89019489, -0.30948022, 0.33432782, 0;
 -0.11282818, 0.8607533, 0.49636027, 0;
 -0.44138747, 0.40413576, -0.80115628, 0;
 -13.367979, -3.1251395, 2.9244103, 1]
2135 1464105969.8733906746 0.0000000000
[-0.91243714, -0.30182475, 0.27633369, 0;
 -0.13765348, 0.8623029, 0.48732454, 0;
 -0.38536996, 0.40661469, -0.8283444, 0;
 -13.480218, -2.9761395, 1.9996507, 1]
2139 1464105970.0334928036 0.0000000000
[-0.94462001, -0.26213884, 0.19742416, 0;
 -0.14678496, 0.87556976, 0.46025187, 0;
 -0.29350853, 0.40578422, -0.86555874, 0;
 -13.645042, -2.4042945, 0.77209824, 1]
2144 1464105970.2333598137 0.0000000000
[-0.95989501, -0.24261722, 0.14049359, 0;
 -0.14959729, 0.86705685, 0.47521904, 0;
 -0.23711224, 0.43514293, -0.86857837, 0;
 -13.632932, -2.0366583, -0.054429606, 1]
2148 1464105970.3935155869 0.0000000000
[-0.95908904, -0.2600812, 0.11183035, 0;
 -0.17428254, 0.8537007, 0.49073482, 0;
 -0.22310056, 0.4511683, -0.8641026, 0;
 -13.526205, -2.2121184, -0.46155313, 1]
2153 1464105970.5938875675 0.0000000000
[-0.96760374, -0.23273465, 0.097865164, 0;
 -0.15832488, 0.86127704, 0.4828406, 0;
 -0.19666275, 0.45170388, -0.87022257, 0;
 -13.478322, -1.8082535, -0.71926934, 1]
2157 1464105970.7535800934 0.0000000000
[-0.96276218, -0.25175834, 0.098522514, 0;
 -0.16578791, 0.8376596, 0.52042371, 0;
 -0.21354933, 0.48471043, -0.84820545, 0;
 -13.386084, -1.9603328, -0.68752688, 1]
2162 1464105970.9535219669 0.0000000000
[-0.95075488, -0.2999905, 0.077916011, 0;
 -0.21522084, 0.81988931, 0.53052944, 0;
 -0.2230363, 0.4876343, -0.84407794, 0;
 -13.163775, -2.5579536, -0.98599547, 1]
2167 1464105971.1541137695 0.0000000000
[-0.95759189, -0.27792907, 0.075981483, 0;
 -0.20634702, 0.8455677, 0.49237809, 0;
 -0.20109367, 0.45581871, -0.86705863, 0;
 -13.109802, -2.3046935, -1.1287365, 1]
2172 1464105971.3534765244 0.0000000000
[-0.96025634, -0.26967734, 0.071985312, 0;
 -0.20289804, 0.85152364, 0.48346654, 0;
 -0.19167715, 0.44964615, -0.87239796, 0;
 -13.021157, -2.173429, -1.2373106, 1]
2176 1464105971.5135817528 0.0000000000
[-0.94970345, -0.29828244, 0.095346592, 0;
 -0.21143706, 0.83538061, 0.50737917, 0;
 -0.230993, 0.46169993, -0.85643178, 0;
 -12.916039, -2.4828632, -0.91738135, 1]
2179 1464105971.6335723400 0.0000000000
[-0.94875139, -0.2966015, 0.10907969, 0;
 -0.20536296, 0.8409912, 0.50055951, 0;
 -0.24020177, 0.45250562, -0.85880256, 0;
 -12.866526, -2.4612126, -0.77794164, 1]
2185 1464105971.8742096424 0.0000000000
[-0.9455905, -0.30421343, 0.11538104, 0;
 -0.20835984, 0.8385675, 0.50337929, 0;
 -0.24988952, 0.45194989, -0.85632735, 0;
 -12.714683, -2.5015018, -0.73439926, 1]
2189 1464105972.0336878300 0.0000000000
[-0.93305039, -0.33224031, 0.13796119, 0;
 -0.2258929, 0.83955497, 0.49408492, 0;
 -0.27998093, 0.4298417, -0.85839784, 0;
 -12.583069, -2.8868151, -0.50088358, 1]
2192 1464105972.1537039280 0.0000000000
[-0.92927015, -0.34150916, 0.14081354, 0;
 -0.2356887, 0.84165907, 0.48586097, 0;
 -0.28444296, 0.41830793, -0.86261851, 0;
 -12.495786, -3.00617, -0.5152064, 1]
2199 1464105972.4342460632 0.0000000000
[-0.93855, -0.31906608, 0.13160828, 0;
 -0.22175613, 0.84965605, 0.47844413, 0;
 -0.26447707, 0.41985878, -0.86819959, 0;
 -12.428689, -2.6600869, -0.72254145, 1]
2201 1464105972.5136847496 0.0000000000
[-0.93683654, -0.32524115, 0.1286682, 0;
 -0.22704722, 0.8453185, 0.48361781, 0;
 -0.26605803, 0.42385706, -0.86577034, 0;
 -12.362186, -2.707047, -0.75839043, 1]
2204 1464105972.6337318420 0.0000000000
[-0.93181384, -0.33545133, 0.13854741, 0;
 -0.22729607, 0.83697987, 0.49779636, 0;
 -0.28294784, 0.43236226, -0.85615617, 0;
 -12.288373, -2.7853484, -0.63040823, 1]
2208 1464105972.7965226173 0.0000000000
[-0.93530142, -0.322189, 0.14630599, 0;
 -0.21328019, 0.84321922, 0.49344999, 0;
 -0.28235218, 0.43032032, -0.85738069, 0;
 -12.245296, -2.5928197, -0.58233261, 1]
2211 1464105972.9137930870 0.0000000000
[-0.93285, -0.32644707, 0.15239167, 0;
 -0.21485351, 0.84365028, 0.49202862, 0;
 -0.28918657, 0.426247, -0.85713744, 0;
 -12.171661, -2.6266718, -0.53914934, 1]
2214 1464105973.0338034630 0.0000000000
[-0.9324798, -0.32811573, 0.15106793, 0;
 -0.21579038, 0.84138578, 0.49548405, 0;
 -0.28968251, 0.42942986, -0.85537946, 0;
 -12.109696, -2.6107235, -0.57774091, 1]
2217 1464105973.1537203789 0.0000000000
[-0.92710561, -0.34594238, 0.14421888, 0;
 -0.2349228, 0.83618385, 0.49558839, 0;
 -0.29203853, 0.42558247, -0.85650045, 0;
 -11.997253, -2.8076103, -0.68892038, 1]
2221 1464105973.3140573502 0.0000000000
[-0.93099302, -0.33939749, 0.13439251, 0;
 -0.23867039, 0.84451997, 0.47939798, 0;
 -0.27620363, 0.41424066, -0.86724633, 0;
 -11.916581, -2.7249718, -0.88090724, 1]
2225 1464105973.4742102623 0.0000000000
[-0.93712616, -0.32622239, 0.12398997, 0;
 -0.23412739, 0.85114151, 0.46983245, 0;
 -0.25880289, 0.41126284, -0.87400454, 0;
 -11.853065, -2.5393453, -1.0650773, 1]
2229 1464105973.6338865757 0.0000000000
[-0.94533956, -0.30759156, 0.10826151, 0;
 -0.2237284, 0.85334116, 0.47090816, 0;
 -0.23723137, 0.42094696, -0.87551409, 0;
 -11.80195, -2.2528386, -1.2854145, 1]
2233 1464105973.7938580513 0.0000000000
[-0.94148278, -0.31629685, 0.11647506, 0;
 -0.22813106, 0.85234612, 0.47059786, 0;
 -0.24812569, 0.41648823, -0.87462634, 0;
 -11.709627, -2.3336222, -1.2233787, 1]
2237 1464105973.9538285732 0.0000000000
[-0.94994348, -0.28999314, 0.11623838, 0;
 -0.20865001, 0.86579311, 0.45482689, 0;
 -0.23253506, 0.40780669, -0.88296157, 0;
 -11.674207, -2.023169, -1.2946922, 1]
2241 1464105974.1138846874 0.0000000000
[-0.93886018, -0.31160429, 0.14643897, 0;
 -0.20744227, 0.85141188, 0.48173183, 0;
 -0.2747896, 0.4219012, -0.86399657, 0;
 -11.590651, -2.194694, -0.92379546, 1]
2247 1464105974.3539087772 0.0000000000
[-0.92131555, -0.35240856, 0.1642736, 0;
 -0.24356133, 0.85242033, 0.46266341, 0;
 -0.30307671, 0.38624829, -0.87118125, 0;
 -11.359751, -2.7130377, -0.79857653, 1]
2250 1464105974.4738390446 0.0000000000
[-0.92992079, -0.33510625, 0.15149629, 0;
 -0.23661585, 0.86054069, 0.45109054, 0;
 -0.28153199, 0.38363206, -0.87952614, 0;
 -11.333428, -2.5037222, -1.0058708, 1]
2253 1464105974.5942308903 0.0000000000
[-0.93500596, -0.32939416, 0.13139021, 0;
 -0.24123238, 0.86233139, 0.44518706, 0;
 -0.25994393, 0.38455695, -0.88574553, 0;
 -11.26359, -2.4087665, -1.2815554, 1]
2258 1464105974.7953622341 0.0000000000
[-0.92965657, -0.33841917, 0.14564033, 0;
 -0.23996516, 0.85614479, 0.45763835, 0;
 -0.2795628, 0.39049789, -0.87712944, 0;
 -11.170081, -2.4410839, -1.1320505, 1]
2268 1464105975.1970460415 0.0000000000
[-0.92840314, -0.33704853, 0.15641586, 0;
 -0.23813173, 0.86284703, 0.44585678, 0;
 -0.28523833, 0.37668726, -0.88133186, 0;
 -10.997494, -2.3833532, -1.1460948, 1]
2271 1464105975.3139984608 0.0000000000
[-0.92210788, -0.35494739, 0.1540437, 0;
 -0.25232357, 0.85342979, 0.45605963, 0;
 -0.29334265, 0.38166732, -0.87651592, 0;
 -10.906961, -2.5366657, -1.1847154, 1]
2274 1464105975.4366312027 0.0000000000
[-0.91976541, -0.36450863, 0.14548206, 0;
 -0.26501456, 0.8502388, 0.45482004, 0;
 -0.28948033, 0.37977287, -0.87862033, 0;
 -10.810149, -2.6213264, -1.3063004, 1]
2277 1464105975.5540754795 0.0000000000
[-0.92888719, -0.347541, 0.12799935, 0;
 -0.25955844, 0.85740381, 0.44439638, 0;
 -0.26419309, 0.37957078, -0.88663864, 0;
 -10.771331, -2.4174554, -1.5567641, 1]
2280 1464105975.6760864258 0.0000000000
[-0.93335962, -0.33839759, 0.11969484, 0;
 -0.25722155, 0.86315405, 0.43451366, 0;
 -0.25035346, 0.37476942, -0.89267635, 0;
 -10.722239, -2.3114169, -1.6993977, 1]
2284 1464105975.8339395523 0.0000000000
[-0.93569732, -0.33691293, 0.10469095, 0;
 -0.25983235, 0.85881466, 0.4415026, 0;
 -0.23865806, 0.38591069, -0.89113146, 0;
 -10.647274, -2.226891, -1.8888406, 1]
2288 1464105975.9941091537 0.0000000000
[-0.93399036, -0.33794785, 0.11598816, 0;
 -0.2542052, 0.85663521, 0.44894966, 0;
 -0.25108111, 0.38982987, -0.88599712, 0;
 -10.608224, -2.1944971, -1.7902868, 1]
2292 1464105976.1541328430 0.0000000000
[-0.94142479, -0.3150807, 0.12018145, 0;
 -0.23423561, 0.86736012, 0.43911284, 0;
 -0.24259658, 0.38524094, -0.89035743, 0;
 -10.587953, -1.9445615, -1.8026828, 1]
2296 1464105976.3141303062 0.0000000000
[-0.93018621, -0.33969882, 0.13913424, 0;
 -0.24596456, 0.85811746, 0.45070598, 0;
 -0.2724978, 0.38501841, -0.88176286, 0;
 -10.507781, -2.1692562, -1.6137826, 1]
2301 1464105976.5153806210 0.0000000000
[-0.91803992, -0.36395171, 0.15729554, 0;
 -0.26265368, 0.85543674, 0.44636422, 0;
 -0.29701144, 0.36846593, -0.88091832, 0;
 -10.383781, -2.4330759, -1.4650106, 1]
2306 1464105976.7141871452 0.0000000000
[-0.93116981, -0.33801308, 0.13663796, 0;
 -0.25119346, 0.86642957, 0.4315109, 0;
 -0.26424351, 0.36748737, -0.89169973, 0;
 -10.317283, -2.1355958, -1.7615986, 1]
2311 1464105976.9145278931 0.0000000000
[-0.92465514, -0.35748729, 0.13120881, 0;
 -0.26923689, 0.8573851, 0.43863684, 0;
 -0.26930359, 0.37026155, -0.88903427, 0;
 -10.171128, -2.2760947, -1.8479197, 1]
2316 1464105977.1142854691 0.0000000000
[-0.90217572, -0.38975501, 0.18485132, 0;
 -0.27905357, 0.85409832, 0.43891355, 0;
 -0.32894996, 0.34439373, -0.8793093, 0;
 -10.067947, -2.6443019, -1.326166, 1]
2321 1464105977.3142669201 0.0000000000
[-0.90524626, -0.36842862, 0.21163556, 0;
 -0.25361672, 0.86817455, 0.42655769, 0;
 -0.34089267, 0.33246544, -0.87935144, 0;
 -10.047289, -2.431649, -1.1231389, 1]
2324 1464105977.4342119694 0.0000000000
[-0.89813405, -0.37400785, 0.2312431, 0;
 -0.24856733, 0.86562812, 0.43462884, 0;
 -0.36272514, 0.33287549, -0.87041622, 0;
 -10.003021, -2.4546828, -0.93465167, 1]
2326 1464105977.5151228905 0.0000000000
[-0.89064986, -0.38409674, 0.24333616, 0;
 -0.25010127, 0.86077845, 0.44329432, 0;
 -0.37972641, 0.33396134, -0.8627153, 0;
 -9.9433823, -2.5208585, -0.80625796, 1]
2327 1464105977.5541749001 0.0000000000
[-0.88273495, -0.40024582, 0.24613458, 0;
 -0.26097614, 0.85324281, 0.45151764, 0;
 -0.39073062, 0.33433515, -0.85764188, 0;
 -9.8663311, -2.6351249, -0.76235557, 1]
2327 1464105977.5541749001 0.0000000000
[-0.88252866, -0.39572117, 0.25406286, 0;
 -0.25826693, 0.85935348, 0.44137263, 0;
 -0.39299029, 0.32390797, -0.86060578, 0;
 -9.8827772, -2.6541853, -0.70053738, 1]
2328 1464105977.5969798565 0.0000000000
[-0.88089079, -0.40202892, 0.24980834, 0;
 -0.25990424, 0.8519423, 0.45458123, 0;
 -0.39557707, 0.33551016, -0.8549571, 0;
 -9.8438673, -2.6440837, -0.72270352, 1]
2329 1464105977.6342656612 0.0000000000
[-0.87623185, -0.40353483, 0.26339582, 0;
 -0.26171684, 0.85745919, 0.44302148, 0;
 -0.40462574, 0.3192544, -0.85694492, 0;
 -9.8139849, -2.7125905, -0.63777637, 1]
2329 1464105977.6342656612 0.0000000000
[-0.87458593, -0.40348762, 0.26888144, 0;
 -0.26220256, 0.86003196, 0.43771553, 0;
 -0.40785941, 0.31231841, -0.85796732, 0;
 -9.8141222, -2.7464046, -0.59456754, 1]
2330 1464105977.6742408276 0.0000000000
[-0.87642246, -0.39963248, 0.26865879, 0;
 -0.26158455, 0.86352563, 0.43115777, 0;
 -0.40429839, 0.30759937, -0.86135095, 0;
 -9.7848806, -2.7002127, -0.63467765, 1]
2331 1464105977.7143585682 0.0000000000
[-0.87942392, -0.39456987, 0.26632354, 0;
 -0.26519603, 0.87067485, 0.41424188, 0;
 -0.39532858, 0.29366627, -0.87033063, 0;
 -9.7570505, -2.7025003, -0.70840722, 1]
2347 1464105978.3543419838 0.0000000000
[0.99999863, -0.0010536952, -0.0012875338, 0;
 0.0010520749, 0.99999863, -0.001258384, 0;
 0.001288858, 0.0012570276, 0.99999839, 0;
 -0.00096275838, -0.0011556438, -0.0013832144, 1]
2351 1464105978.5169935226 0.0000000000
[0.9990384, -0.0054224376, -0.043507297, 0;
 0.0052795857, 0.99998027, -0.0033976233, 0;
 0.043524861, 0.0031646555, 0.99904734, 0;
 0.79261589, 0.28740698, -0.78864002, 1]
2352 1464105978.5544168949 0.0000000000
[0.99999946, 0.00057141576, -0.00089309807, 0;
 -0.00057090819, 0.9999997, 0.00056847744, 0;
 0.00089342264, -0.00056796725, 0.99999946, 0;
 -0.0015391874, 0.00031477702, -0.00025523236, 1]
2355 1464105978.6743359566 0.0000000000
[0.9992221, 0.027695393, -0.028073492, 0;
 -0.027779359, 0.99961066, -0.0026052254, 0;
 0.027990408, 0.0033830623, 0.9996025, 0;
 0.72354144, 0.2887125, -0.70982778, 1]
2356 1464105978.7164299488 0.0000000000
[-0.85456043, -0.29624328, 0.42657515, 0;
 -0.17940849, 0.93918401, 0.29282424, 0;
 -0.48737976, 0.1737048, -0.85573804, 0;
 -9.3749647, -1.9740702, 0.36580887, 1]
2358 1464105978.7973778248 0.0000000000
[-0.84850425, -0.29473385, 0.43951389, 0;
 -0.18565355, 0.94354719, 0.27432001, 0;
 -0.49555349, 0.15116438, -0.85532218, 0;
 -9.3131285, -2.0319707, 0.44087133, 1]
2360 1464105978.8743953705 0.0000000000
[-0.84785849, -0.28731894, 0.44562742, 0;
 -0.17887744, 0.94617987, 0.26971555, 0;
 -0.49913809, 0.14896794, -0.85362154, 0;
 -9.2854652, -1.965188, 0.4557054, 1]
2364 1464105979.0345709324 0.0000000000
[-0.8789289, -0.25514993, 0.4029671, 0;
 -0.17373158, 0.95810354, 0.22771671, 0;
 -0.44418612, 0.13013868, -0.88643253, 0;
 -9.2539606, -1.7406108, -0.12581228, 1]
2367 1464105979.1543626785 0.0000000000
[-0.87924331, -0.26408798, 0.39647037, 0;
 -0.17338812, 0.95259416, 0.25000182, 0;
 -0.44369784, 0.15106918, -0.88335174, 0;
 -9.1873188, -1.7104754, -0.22963625, 1]
2370 1464105979.2743780613 0.0000000000
[-0.86373985, -0.27790591, 0.42038286, 0;
 -0.16814366, 0.94532144, 0.27945489, 0;
 -0.47505912, 0.17069162, -0.86323994, 0;
 -9.1138411, -1.7195529, -0.0060778037, 1]
2373 1464105979.3974571228 0.0000000000
[-0.86068547, -0.26564875, 0.43434003, 0;
 -0.16627426, 0.95297384, 0.2533648, 0;
 -0.48122075, 0.14584783, -0.86438131, 0;
 -9.0485077, -1.6955963, 0.045211855, 1]
2377 1464105979.5548894405 0.0000000000
[-0.86513901, -0.20344256, 0.45841646, 0;
 -0.11232241, 0.96940964, 0.21823972, 0;
 -0.4887926, 0.13731726, -0.86152524, 0;
 -9.0314035, -1.1997691, 0.16054346, 1]
2381 1464105979.7164952755 0.0000000000
[-0.85837686, -0.16983463, 0.4840923, 0;
 -0.084315464, 0.97748506, 0.1934267, 0;
 -0.50604355, 0.12521654, -0.85337025, 0;
 -8.9605961, -0.94550639, 0.30860069, 1]
2385 1464105979.8744957447 0.0000000000
[-0.82463133, -0.17674468, 0.53734952, 0;
 -0.078790881, 0.97656214, 0.20029561, 0;
 -0.5601564, 0.12283179, -0.8192296, 0;
 -8.829278, -0.98094481, 0.77785432, 1]
2388 1464105979.9971561432 0.0000000000
[-0.81329727, -0.16815354, 0.5570206, 0;
 -0.082759149, 0.98102736, 0.17531747, 0;
 -0.57593268, 0.096486665, -0.81178313, 0;
 -8.7455893, -1.0189784, 0.88345486, 1]
2392 1464105980.1545493603 0.0000000000
[-0.81185478, -0.15316261, 0.56341201, 0;
 -0.080897741, 0.98517984, 0.15124901, 0;
 -0.57822782, 0.077213466, -0.81221342, 0;
 -8.6628456, -0.97930586, 0.82697195, 1]
2397 1464105980.3545722961 0.0000000000
[-0.77851665, -0.17901805, 0.60155165, 0;
 -0.079035163, 0.97879195, 0.18899664, 0;
 -0.62262774, 0.099593297, -0.77615458, 0;
 -8.505415, -1.0544271, 1.1421405, 1]
2410 1464105980.8745348454 0.0000000000
[-0.73024887, -0.15784879, 0.66469568, 0;
 -0.040029489, 0.98115641, 0.18902314, 0;
 -0.68200749, 0.11142651, -0.72280699, 0;
 -8.203784, -0.797849, 1.467322, 1]
2416 1464105981.1146481037 0.0000000000
[-0.69946229, -0.16334294, 0.6957525, 0;
 -0.056486752, 0.98312056, 0.17402086, 0;
 -0.71243364, 0.082420237, -0.69688249, 0;
 -8.0289354, -0.9506315, 1.6268497, 1]
2424 1464105981.4346857071 0.0000000000
[-0.69454998, -0.15640518, 0.70223767, 0;
 -0.045697723, 0.98370302, 0.1738968, 0;
 -0.71799171, 0.088689357, -0.69037825, 0;
 -7.9093938, -0.83586633, 1.4660691, 1]
2430 1464105981.6747343540 0.0000000000
[-0.67022777, -0.12150612, 0.73214138, 0;
 -0.016942618, 0.98875469, 0.14858378, 0;
 -0.74196202, 0.087180592, -0.6647495, 0;
 -7.7863393, -0.60394478, 1.6049292, 1]
2436 1464105981.9164502621 0.0000000000
[-0.61766076, -0.14576893, 0.77281731, 0;
 -0.033309422, 0.98663938, 0.1594781, 0;
 -0.78573895, 0.072761267, -0.61426389, 0;
 -7.5752401, -0.8005299, 1.9263207, 1]
2442 1464105982.1547291279 0.0000000000
[-0.5939284, -0.13584273, 0.79296649, 0;
 -0.035241343, 0.98908859, 0.14304471, 0;
 -0.80374569, 0.057013106, -0.59223509, 0;
 -7.4444289, -0.80066985, 1.9825755, 1]
2447 1464105982.3547570705 0.0000000000
[-0.60191643, -0.12214592, 0.78916216, 0;
 -0.05352601, 0.99218142, 0.11274327, 0;
 -0.79676318, 0.025621327, -0.60374826, 0;
 -7.4000139, -0.85893613, 1.7571498, 1]
2456 1464105982.7148544788 0.0000000000
[-0.60630673, -0.12468053, 0.78539604, 0;
 -0.047692426, 0.99155599, 0.12059074, 0;
 -0.79379946, 0.035657536, -0.60713339, 0;
 -7.3134422, -0.80717993, 1.4626564, 1]
2461 1464105982.9148318768 0.0000000000
[-0.59024227, -0.10865907, 0.79987955, 0;
 -0.048399795, 0.99387997, 0.099298038, 0;
 -0.80577385, 0.019895893, -0.59188902, 0;
 -7.2268639, -0.78541768, 1.478693, 1]
2468 1464105983.1988763809 0.0000000000
[-0.54650676, -0.14355475, 0.825059, 0;
 -0.062195424, 0.98943508, 0.13095775, 0;
 -0.83514196, 0.020254407, -0.54966146, 0;
 -7.0550733, -0.96016401, 1.6236767, 1]
2473 1464105983.3948888779 0.0000000000
[-0.58239537, -0.13774508, 0.80115038, 0;
 -0.065677024, 0.99029046, 0.12252087, 0;
 -0.8102482, 0.018738421, -0.5857873, 0;
 -7.06426, -0.93575644, 1.1715446, 1]
2480 1464105983.6750071049 0.0000000000
[-0.59772193, -0.1770176, 0.78191644, 0;
 -0.057038233, 0.98223686, 0.17876618, 0;
 -0.79967189, 0.06225333, -0.59720129, 0;
 -7.0197167, -0.88804317, 0.8067022, 1]
2487 1464105983.9579660892 0.0000000000
[-0.60467464, -0.11702112, 0.78782904, 0;
 -0.029991664, 0.99179161, 0.12429773, 0;
 -0.79590774, 0.051531382, -0.60322088, 0;
 -6.9693522, -0.64305454, 0.61685067, 1]
2494 1464105984.2348861694 0.0000000000
[-0.57880867, -0.1450934, 0.80245149, 0;
 -0.048055846, 0.98840243, 0.14405298, 0;
 -0.81404614, 0.044816628, -0.57906848, 0;
 -6.8592134, -0.78077847, 0.60542727, 1]
2501 1464105984.5154020786 0.0000000000
[-0.60810393, -0.11340151, 0.78571606, 0;
 -0.058983002, 0.99346304, 0.097735576, 0;
 -0.79166317, 0.013089499, -0.61081755, 0;
 -6.7903295, -0.8004933, 0.17206383, 1]
2507 1464105984.7550649643 0.0000000000
[-0.62930775, -0.14351912, 0.76378924, 0;
 -0.055427801, 0.98858601, 0.14009079, 0;
 -0.77517706, 0.045825068, -0.63007981, 0;
 -6.7341185, -0.73255521, -0.21004741, 1]
2514 1464105985.0349307060 0.0000000000
[-0.63036597, -0.09532392, 0.77042335, 0;
 -0.027355822, 0.99454355, 0.10067142, 0;
 -0.77581596, 0.042384271, -0.62953407, 0;
 -6.683681, -0.55083281, -0.36611503, 1]
2518 1464105985.1978993416 0.0000000000
[-0.6004684, -0.13019258, 0.78897882, 0;
 -0.036876325, 0.99011582, 0.13531752, 0;
 -0.79879773, 0.052159257, -0.59933424, 0;
 -6.6457853, -0.62229693, -0.25609118, 1]
2521 1464105985.3151216507 0.0000000000
[-0.60061836, -0.13172804, 0.78860974, 0;
 -0.038138151, 0.98993188, 0.13630989, 0;
 -0.79862571, 0.051794108, -0.59959513, 0;
 -6.6138549, -0.62048346, -0.34284183, 1]
2524 1464105985.4350688457 0.0000000000
[-0.61178142, -0.11365028, 0.78281999, 0;
 -0.039585307, 0.99278373, 0.11319664, 0;
 -0.79003572, 0.038263436, -0.61186552, 0;
 -6.576324, -0.62449366, -0.50905353, 1]
2527 1464105985.5552229881 0.0000000000
[-0.63554227, -0.086237438, 0.76723474, 0;
 -0.046370853, 0.99621195, 0.073563054, 0;
 -0.77067226, 0.011175102, -0.63713372, 0;
 -6.52105, -0.67430466, -0.77776539, 1]
2531 1464105985.7151474953 0.0000000000
[-0.65918344, -0.085027955, 0.7471596, 0;
 -0.033255167, 0.99591094, 0.083996803, 0;
 -0.75124651, 0.030522384, -0.65931565, 0;
 -6.4612164, -0.55402565, -1.0845046, 1]
2536 1464105985.9150996208 0.0000000000
[-0.67814028, -0.086090259, 0.72987276, 0;
 -0.023437159, 0.99514353, 0.095603622, 0;
 -0.73455864, 0.047726527, -0.67686462, 0;
 -6.3874831, -0.45076376, -1.3715134, 1]
2541 1464105986.1151535511 0.0000000000
[-0.67923081, -0.046408784, 0.73245597, 0;
 -0.02718474, 0.99890476, 0.038081802, 0;
 -0.73342109, 0.0059547075, -0.67974848, 0;
 -6.3270879, -0.55856901, -1.4852804, 1]
2547 1464105986.3552680016 0.0000000000
[-0.63820672, -0.064134881, 0.76718897, 0;
 -0.014564096, 0.99735141, 0.071260296, 0;
 -0.76972723, 0.034305386, -0.63745046, 0;
 -6.3414426, -0.44866645, -1.2955081, 1]
2552 1464105986.5553424358 0.0000000000
[-0.63031656, -0.084068902, 0.77177298, 0;
 -0.013729582, 0.99517107, 0.097190447, 0;
 -0.7762168, 0.050664622, -0.62842703, 0;
 -6.3113866, -0.41409096, -1.3517319, 1]
2561 1464105986.9153234959 0.0000000000
[-0.63614655, -0.096014485, 0.76557088, 0;
 -0.01669261, 0.99370748, 0.11075573, 0;
 -0.7713877, 0.057677496, -0.63374627, 0;
 -6.2395487, -0.40872848, -1.6173273, 1]
2567 1464105987.1553182602 0.0000000000
[-0.62433296, -0.1268945, 0.77078283, 0;
 -0.045599718, 0.99095547, 0.12620598, 0;
 -0.77982628, 0.043647073, -0.6244725, 0;
 -6.2228189, -0.57711554, -1.6862121, 1]
2572 1464105987.3553533554 0.0000000000
[-0.5939433, -0.10820974, 0.79719633, 0;
 -0.06313476, 0.99412632, 0.087902673, 0;
 -0.80202579, 0.0018784032, -0.59728646, 0;
 -6.2519274, -0.7798602, -1.5509888, 1]
2580 1464105987.6756625175 0.0000000000
[-0.48438692, -0.12444642, 0.8659575, 0;
 -0.086779468, 0.9917841, 0.093987457, 0;
 -0.87053931, -0.029621035, -0.49120662, 0;
 -6.3456397, -0.98832959, -0.92017275, 1]
2586 1464105987.9156384468 0.0000000000
[-0.47364664, -0.082704775, 0.87682313, 0;
 -0.088034652, 0.99504077, 0.046300448, 0;
 -0.87630403, -0.05526077, -0.4785786, 0;
 -6.3129435, -1.0414197, -0.93032062, 1]
2599 1464105988.4354016781 0.0000000000
[-0.35028207, -0.035568662, 0.93596864, 0;
 -0.06565576, 0.99775308, 0.013345218, 0;
 -0.9343403, -0.056777142, -0.3518303, 0;
 -6.2806315, -0.93976915, -0.32062054, 1]
2606 1464105988.7185418606 0.0000000000
[-0.27396482, -0.015337838, 0.96161741, 0;
 -0.018793855, 0.99976724, 0.010591961, 0;
 -0.96155608, -0.015170674, -0.27418932, 0;
 -6.219564, -0.63686764, 0.046982646, 1]
2614 1464105989.0359618664 0.0000000000
[-0.15012966, 0.0087155839, 0.98862791, 0;
 -0.039437473, 0.99911249, -0.014796854, 0;
 -0.98787946, -0.041210432, -0.1496527, 0;
 -6.0306201, -0.74830836, 0.66600609, 1]
2622 1464105989.3554906845 0.0000000000
[-0.074540012, -0.008525027, 0.99718159, 0;
 -0.031605169, 0.99948132, 0.0061821793, 0;
 -0.99671704, -0.031055272, -0.074770786, 0;
 -5.8499765, -0.70484012, 0.91890991, 1]
2628 1464105989.5990974903 0.0000000000
[-0.0027616487, 0.044648338, 0.99899894, 0;
 -0.01516025, 0.99888611, -0.044685204, 0;
 -0.99988127, -0.015268479, -0.0020816927, 0;
 -5.6979246, -0.53541303, 1.2204487, 1]
2633 1464105989.7955596447 0.0000000000
[0.076904409, 0.066221021, 0.99483693, 0;
 -0.012393006, 0.9977783, -0.065458789, 0;
 -0.99696147, -0.0072949505, 0.077554226, 0;
 -5.5148997, -0.46827218, 1.5488713, 1]
2639 1464105990.0354671478 0.0000000000
[0.17878328, 0.063497759, 0.98183733, 0;
 -0.011101482, 0.99798197, -0.062520392, 0;
 -0.98382586, 0.00027775203, 0.17912741, 0;
 -5.2633843, -0.43743172, 1.9524852, 1]
2644 1464105990.2354617119 0.0000000000
[0.23294076, 0.11155942, 0.96607095, 0;
 -0.018777145, 0.99372917, -0.11022574, 0;
 -0.97230965, 0.0075360136, 0.23357481, 0;
 -5.0857172, -0.36219922, 2.1294615, 1]
2650 1464105990.4756083488 0.0000000000
[0.29403767, 0.060637809, 0.95386839, 0;
 -0.0034472041, 0.99804628, -0.062383588, 0;
 -0.9557876, 0.015054947, 0.29367226, 0;
 -4.882215, -0.36263272, 2.2683547, 1]
2655 1464105990.6772904396 0.0000000000
[0.34561157, 0.059619952, 0.93648177, 0;
 0.0054038391, 0.99783659, -0.065520339, 0;
 -0.93836212, 0.027705183, 0.3445417, 0;
 -4.7106261, -0.30893615, 2.3991823, 1]
2661 1464105990.9157230854 0.0000000000
[0.42086908, 0.064392492, 0.90483302, 0;
 0.007240708, 0.99720711, -0.074334197, 0;
 -0.90709251, 0.037836596, 0.41922736, 0;
 -4.4515672, -0.2622681, 2.6107271, 1]
2667 1464105991.1587901115 0.0000000000
[0.48313418, 0.048302438, 0.87421292, 0;
 -0.00080565974, 0.99850118, -0.054724425, 0;
 -0.87554598, 0.025734922, 0.48244897, 0;
 -4.2130003, -0.32872, 2.7519667, 1]
2673 1464105991.3982350826 0.0000000000
[0.48532987, 0.10253311, 0.86829829, 0;
 -0.0056371745, 0.99344635, -0.11416037, 0;
 -0.87431294, 0.05051069, 0.48272717, 0;
 -4.1496491, -0.20738867, 2.6095684, 1]
2680 1464105991.6760940552 0.0000000000
[0.53377384, 0.03947648, 0.84470534, 0;
 0.018463029, 0.99812758, -0.058313411, 0;
 -0.84542567, 0.046721991, 0.53204554, 0;
 -3.9544251, -0.2420224, 2.6362493, 1]
2685 1464105991.8758158684 0.0000000000
[0.56483907, 0.068660855, 0.82233965, 0;
 0.020781642, 0.99503285, -0.097354047, 0;
 -0.82493937, 0.072078936, 0.56060654, 0;
 -3.8314772, -0.1345209, 2.6517513, 1]
2692 1464105992.1558036804 0.0000000000
[0.63933194, 0.062364608, 0.76639766, 0;
 -0.0025915103, 0.99687463, -0.078957528, 0;
 -0.7689265, 0.04849394, 0.6374954, 0;
 -3.5411336, -0.25476611, 2.810034, 1]
2699 1464105992.4386682510 0.0000000000
[0.67131448, 0.10521177, 0.73366708, 0;
 -0.021740351, 0.99224269, -0.1224002, 0;
 -0.74085373, 0.066218853, 0.66839421, 0;
 -3.4263499, -0.21294332, 2.7900069, 1]
2705 1464105992.6765456200 0.0000000000
[0.67649311, 0.096377835, 0.73011529, 0;
 -0.012093534, 0.99271989, -0.11983723, 0;
 -0.73634964, 0.072239384, 0.67273372, 0;
 -3.3744881, -0.19148363, 2.6414917, 1]
2713 1464105992.9958698750 0.0000000000
[0.74301571, 0.094551116, 0.66256154, 0;
 -0.026965428, 0.99339592, -0.11152316, 0;
 -0.66873056, 0.064997204, 0.74065834, 0;
 -3.0564015, -0.23460948, 2.7414155, 1]
2720 1464105993.2760198116 0.0000000000
[0.80600333, 0.065344468, 0.58829308, 0;
 -0.028457738, 0.99701631, -0.071754143, 0;
 -0.59122652, 0.041092586, 0.80545801, 0;
 -2.7656653, -0.32447493, 2.8460135, 1]
2727 1464105993.5559322834 0.0000000000
[0.84030741, 0.12879132, 0.52658927, 0;
 -0.074423321, 0.98957902, -0.12326631, 0;
 -0.53697729, 0.064391069, 0.84113568, 0;
 -2.5861149, -0.29633746, 2.8879671, 1]
2733 1464105993.7988615036 0.0000000000
[0.86599571, 0.12235932, 0.48485008, 0;
 -0.070103206, 0.98973221, -0.12456197, 0;
 -0.49511307, 0.07388059, 0.86568165, 0;
 -2.3803344, -0.24437013, 2.8127134, 1]
2741 1464105994.1159713268 0.0000000000
[0.91379875, 0.13563907, 0.38284975, 0;
 -0.089878216, 0.98675126, -0.13506976, 0;
 -0.39609823, 0.089016713, 0.91388303, 0;
 -2.0134902, -0.20455989, 2.9045975, 1]
2748 1464105994.3987479210 0.0000000000
[0.95401555, 0.11049742, 0.27864781, 0;
 -0.085417733, 0.99125028, -0.10063151, 0;
 -0.28732926, 0.072202556, 0.95510662, 0;
 -1.6525704, -0.23538083, 2.9386628, 1]
2758 1464105994.7987413406 0.0000000000
[0.96484262, 0.15647528, 0.21117339, 0;
 -0.13129202, 0.98298013, -0.12850083, 0;
 -0.22768645, 0.096257702, 0.96896511, 0;
 -1.3865056, -0.19800171, 2.8010862, 1]
2765 1464105995.0760288239 0.0000000000
[0.98098409, 0.12791647, 0.14597133, 0;
 -0.11716589, 0.98988128, -0.080044784, 0;
 -0.15473334, 0.061419796, 0.98604524, 0;
 -1.139533, -0.27113515, 2.723139, 1]
2771 1464105995.3160741329 0.0000000000
[0.98859739, 0.12723999, 0.080530986, 0;
 -0.11765332, 0.98645478, -0.11430055, 0;
 -0.093983777, 0.10352249, 0.9901768, 0;
 -0.93032545, -0.15532893, 2.6455581, 1]
2777 1464105995.5560996532 0.0000000000
[0.9923712, 0.12298635, -0.0085880924, 0;
 -0.12327713, 0.98906243, -0.080983415, 0;
 -0.0014656958, 0.081424326, 0.99667847, 0;
 -0.65411735, -0.18513469, 2.5836215, 1]
2783 1464105995.7983529568 0.0000000000
[0.99020529, 0.13942474, -0.0073656063, 0;
 -0.13894139, 0.97883439, -0.15026143, 0;
 -0.013740451, 0.14981304, 0.98861885, 0;
 -0.63433206, -0.02249328, 2.4419677, 1]
2798 1464105996.3994674683 0.0000000000
[0.99286336, 0.099177808, -0.066227347, 0;
 -0.10688946, 0.98633242, -0.12539154, 0;
 0.052886121, 0.13157567, 0.98989439, 0;
 -0.34766096, -0.02933114, 2.1406052, 1]
2805 1464105996.6792659760 0.0000000000
[0.98442626, 0.09690351, -0.14667889, 0;
 -0.11125732, 0.98942769, -0.093030483, 0;
 0.13611318, 0.10790075, 0.9847998, 0;
 -0.11248387, -0.051899042, 2.0168948, 1]
2814 1464105997.0362970829 0.0000000000
[0.9739067, 0.09908969, -0.20417382, 0;
 -0.14342374, 0.96595079, -0.21533401, 0;
 0.17588449, 0.23899861, 0.95495778, 0;
 0.078271352, 0.2112188, 1.8154541, 1]
2821 1464105997.3163287640 0.0000000000
[0.97992253, 0.095067918, -0.17525382, 0;
 -0.12139025, 0.98178339, -0.14617054, 0;
 0.15816516, 0.16450991, 0.97361195, 0;
 0.11353505, 0.084547646, 1.6880602, 1]
2829 1464105997.6363723278 0.0000000000
[0.98075533, 0.090567082, -0.17296416, 0;
 -0.12057954, 0.97773117, -0.17176257, 0;
 0.15355641, 0.18931299, 0.96983558, 0;
 0.20245744, 0.12896499, 1.5263478, 1]
2836 1464105997.9167134762 0.0000000000
[0.98529339, 0.073664032, -0.15417698, 0;
 -0.095072836, 0.98607528, -0.1364429, 0;
 0.14197919, 0.14909433, 0.9785769, 0;
 0.2711575, 0.082517475, 1.4000981, 1]
2843 1464105998.1964101791 0.0000000000
[0.99543536, 0.053209029, -0.079229288, 0;
 -0.066444002, 0.98230577, -0.17510156, 0;
 0.068510398, 0.17956661, 0.98135728, 0;
 0.26048636, 0.12504439, 1.2831645, 1]
2850 1464105998.4764149189 0.0000000000
[0.99975669, -0.0093475394, 0.019978886, 0;
 0.011671473, 0.99275768, -0.11956581, 0;
 -0.018716546, 0.11976991, 0.99262524, 0;
 0.22082579, 0.060065322, 1.1839415, 1]
2857 1464105998.7568953037 0.0000000000
[0.98879701, -0.075877771, 0.12854217, 0;
 0.096499719, 0.98194957, -0.16267414, 0;
 -0.11387858, 0.17325598, 0.97827095, 0;
 0.18497805, 0.12267017, 1.0595536, 1]
2867 1464105999.1565515995 0.0000000000
[0.96779603, -0.1109402, 0.22597155, 0;
 0.14553368, 0.97901535, -0.14264965, 0;
 -0.20540404, 0.17094225, 0.9636327, 0;
 0.17225526, 0.12735377, 0.87103832, 1]
2876 1464105999.5165345669 0.0000000000
[0.95816976, -0.056593943, 0.2805492, 0;
 0.10428005, 0.9819051, -0.15807603, 0;
 -0.26652655, 0.18071936, 0.94673342, 0;
 0.1785638, 0.16470578, 0.67183357, 1]
2885 1464105999.8766126633 0.0000000000
[0.94514948, -0.07126642, 0.31876886, 0;
 0.1189988, 0.98396677, -0.13284816, 0;
 -0.30419037, 0.16349447, 0.93847632, 0;
 0.17553301, 0.13684277, 0.4605478, 1]
2895 1464106000.2766373158 0.0000000000
[0.94463217, -0.076547816, 0.31907746, 0;
 0.11487544, 0.98801929, -0.1030606, 0;
 -0.30736563, 0.13400853, 0.94210833, 0;
 0.1828447, 0.11369189, 0.22382252, 1]
2981 1464106003.7170138359 0.0000000000
[0.95917654, -0.033823542, 0.28077817, 0;
 0.056275278, 0.99579501, -0.072286986, 0;
 -0.27715251, 0.085136853, 0.95704663, 0;
 -0.16078722, 0.11659449, -0.127409, 1]
2999 1464106004.4369442463 0.0000000000
[0.95329785, -0.024638116, 0.30102527, 0;
 -0.014841644, 0.99164188, 0.12816431, 0;
 -0.30166698, -0.12664647, 0.94496441, 0;
 -0.065670595, -0.024903813, 0.11695244, 1]
3037 1464106005.9573345184 0.0000000000
[0.95422381, -0.076114222, 0.28924653, 0;
 0.0335172, 0.98819834, 0.14946778, 0;
 -0.29720959, -0.13293098, 0.94551355, 0;
 0.25167111, -0.023446614, 0.13820654, 1]
3078 1464106007.6016466618 0.0000000000
[0.93538702, 0.013989607, 0.35334879, 0;
 -0.038975939, 0.99720794, 0.063696384, 0;
 -0.35147113, -0.073352873, 0.93332064, 0;
 0.12436385, 0.18372788, -0.36777425, 1]
3101 1464106008.5180025101 0.0000000000
[0.93767291, -0.035591766, 0.34569165, 0;
 0.072620861, 0.99284792, -0.094759017, 0;
 -0.33984658, 0.11395739, 0.93355131, 0;
 0.091438346, 0.22543502, -0.39556548, 1]
3172 1464106011.3578588963 0.0000000000
[0.99058598, 0.06432423, 0.12083801, 0;
 -0.077197567, 0.99146473, 0.10506311, 0;
 -0.11304852, -0.11340245, 0.98709673, 0;
 0.10986879, -0.078550093, 0.28033441, 1]
3189 1464106012.0389535427 0.0000000000
[0.98311305, 0.06338843, 0.17166999, 0;
 -0.081830941, 0.99135387, 0.10257301, 0;
 -0.16368376, -0.11488878, 0.97980011, 0;
 0.10846027, -0.058085788, 0.11109763, 1]
3206 1464106012.7179312706 0.0000000000
[0.98322272, 0.0032639301, 0.18238002, 0;
 -0.029477766, 0.98954105, 0.14120744, 0;
 -0.18001162, -0.14421453, 0.97303545, 0;
 0.16074583, 0.0086067161, -0.11327085, 1]
3250 1464106014.4781355858 0.0000000000
[0.9545247, -0.10816331, 0.27781892, 0;
 0.1665491, 0.96635807, -0.19599365, 0;
 -0.24727324, 0.23335126, 0.94042712, 0;
 0.085172333, 0.16586217, -0.39348835, 1]
3260 1464106014.8792996407 0.0000000000
[0.93944466, -0.097361647, 0.32857937, 0;
 0.14131984, 0.98353767, -0.11261609, 0;
 -0.31220567, 0.15223138, 0.93773836, 0;
 0.044954594, 0.1306894, -0.38622057, 1]
3270 1464106015.2813608646 0.0000000000
[0.92087227, -0.057989851, 0.38552746, 0;
 0.084907591, 0.9949702, -0.053150229, 0;
 -0.38050619, 0.081678778, 0.92116427, 0;
 0.048236225, 0.066278897, -0.35389563, 1]
3279 1464106015.6383323669 0.0000000000
[0.94131726, 0.012521162, 0.3372907, 0;
 -0.045285828, 0.99496138, 0.089448832, 0;
 -0.33447123, -0.099474221, 0.93714136, 0;
 0.072021663, 0.044374861, -0.30480984, 1]
3290 1464106016.0781893730 0.0000000000
[0.93942952, 0.012091124, 0.34252882, 0;
 -0.080854364, 0.97898948, 0.18719561, 0;
 -0.3330687, -0.20355202, 0.9206692, 0;
 0.14208697, 0.023599291, -0.21250828, 1]
3305 1464106016.6783909798 0.0000000000
[0.96080863, 0.085623682, 0.26365772, 0;
 -0.11325879, 0.98934907, 0.091437906, 0;
 -0.25302026, -0.11771588, 0.96027273, 0;
 0.18803136, -0.0019229243, -0.051888436, 1]
3319 1464106017.2385337353 0.0000000000
[0.96235013, 0.10958774, 0.24874239, 0;
 -0.1343402, 0.98730272, 0.08477056, 0;
 -0.23629422, -0.11499505, 0.96485293, 0;
 0.23367679, -0.0077292258, 0.11098417, 1]
