0 0.0000000000 0.0000000000
[1, 0, 0, 0;
 0, 1, 0, 0;
 0, 0, 1, 0;
 0, 0, 0, 1]
2 0.2075901000 0.0000000000
[0.99599689, -0.0047913659, 0.08925949, 0;
 0.0054958966, 0.99995565, -0.0076489621, 0;
 -0.089218885, 0.0081089037, 0.99597901, 0;
 0.00085204258, 0.00024258168, -0.030823447, 1]
3 0.3116055000 0.0000000000
[0.99086505, -0.0043271319, 0.13478774, 0;
 0.005963326, 0.99991333, -0.011737672, 0;
 -0.13472526, 0.012434232, 0.99080497, 0;
 0.002384518, 0.00021268628, -0.046288773, 1]
4 0.4150860000 0.0000000000
[0.98349863, -0.0017772042, 0.18090677, 0;
 0.0044424497, 0.99988747, -0.014328589, 0;
 -0.18086095, 0.014895817, 0.98339587, 0;
 0.0047023757, 0.00016731207, -0.061536189, 1]
5 0.5188692000 0.0000000000
[0.97387862, -0.0042195646, 0.22702993, 0;
 0.0076890308, 0.99986672, -0.014399777, 0;
 -0.22693893, 0.015769275, 0.97378129, 0;
 0.0077336514, 0.00035938126, -0.076738656, 1]
6 0.6226876000 0.0000000000
[0.96215981, -0.0046516443, 0.27244616, 0;
 0.0092365639, 0.99983644, -0.015548638, 0;
 -0.27232924, 0.017476741, 0.96204537, 0;
 0.011418372, 0.00042178642, -0.091823451, 1]
7 0.7264318000 0.0000000000
[0.94862801, -0.0073451409, 0.31630829, 0;
 0.013924061, 0.99973106, -0.018543899, 0;
 -0.31608704, 0.021995557, 0.94847518, 0;
 0.015643083, 0.00010830135, -0.10649922, 1]
8 0.8301706000 0.0000000000
[0.93328458, -0.0087082777, 0.35903206, 0;
 0.017115289, 0.99964857, -0.020243924, 0;
 -0.3587296, 0.02503828, 0.93310565, 0;
 0.020648245, -2.2099448e-05, -0.12119474, 1]
9 0.9339528000 0.0000000000
[0.9158774, -0.0084209749, 0.40136972, 0;
 0.018418489, 0.99960864, -0.021056395, 0;
 -0.40103531, 0.0266777, 0.91567403, 0;
 0.026217116, -0.00010017841, -0.13552363, 1]
10 1.0376950000 0.0000000000
[0.89618915, -0.0085536279, 0.44358975, 0;
 0.019382419, 0.99961442, -0.019883201, 0;
 -0.44324863, 0.02641695, 0.89600939, 0;
 0.032639075, 6.8243055e-05, -0.14949046, 1]
11 1.1414830000 0.0000000000
[0.8742044, -0.0086062904, 0.4854818, 0;
 0.020431884, 0.99960935, -0.01907119, 0;
 -0.48512802, 0.026591426, 0.87403876, 0;
 0.039672531, 0.00026798033, -0.16326109, 1]
12 1.2451360000 0.0000000000
[0.85016668, -0.0086011738, 0.52644342, 0;
 0.021241628, 0.99961281, -0.017971693, 0;
 -0.52608502, 0.026461449, 0.85002017, 0;
 0.04748996, 0.00052954, -0.17643678, 1]
14 1.4527340000 0.0000000000
[0.79696763, -0.010441904, 0.60393173, 0;
 0.026526026, 0.99949098, -0.017723519, 0;
 -0.60343927, 0.03014498, 0.79683894, 0;
 0.064684235, 0.00046947366, -0.20194505, 1]
16 1.6600950000 0.0000000000
[0.73759669, -0.012473305, 0.67512631, 0;
 0.032424036, 0.99933028, -0.016961141, 0;
 -0.67446262, 0.034400802, 0.7375071, 0;
 0.083823964, 0.00020301597, -0.22581008, 1]
18 1.8677140000 0.0000000000
[0.67120081, -0.010458166, 0.74120176, 0;
 0.034571823, 0.99925405, -0.017207555, 0;
 -0.74046892, 0.037174422, 0.67106169, 0;
 0.10535562, -0.00019778678, -0.24754944, 1]
20 2.0749370000 0.0000000000
[0.59881747, -0.0095259482, 0.80082887, 0;
 0.038982593, 0.99909073, -0.017264826, 0;
 -0.79993623, 0.041556865, 0.59864432, 0;
 0.12894936, -0.00091293809, -0.26717332, 1]
22 2.2824280000 0.0000000000
[0.52215999, -0.0064157033, 0.85282344, 0;
 0.046696901, 0.99868667, -0.02107819, 0;
 -0.85156816, 0.050830398, 0.52177382, 0;
 0.15394109, -0.0035096325, -0.2851299, 1]
24 2.4896490000 0.0000000000
[0.4446831, -0.0068891309, 0.89566147, 0;
 0.053922061, 0.9983626, -0.019092457, 0;
 -0.89406341, 0.056786008, 0.44432643, 0;
 0.17918463, -0.0050641899, -0.30156621, 1]
26 2.6970060000 0.0000000000
[0.37242627, -0.0051166317, 0.92804766, 0;
 0.059945464, 0.99802923, -0.0185537, 0;
 -0.92612374, 0.062542133, 0.37199903, 0;
 0.20296089, -0.0066992226, -0.31713822, 1]
28 2.9043870000 0.0000000000
[0.30531999, -0.007192011, 0.95222265, 0;
 0.062790528, 0.99794722, -0.012595749, 0;
 -0.95017737, 0.063636303, 0.30514485, 0;
 0.22584322, -0.0062803323, -0.33404669, 1]
30 3.1117170000 0.0000000000
[0.2399831, -0.0039288653, 0.97076911, 0;
 0.060715441, 0.99809486, -0.010969961, 0;
 -0.96887654, 0.061573282, 0.23976442, 0;
 0.24876845, -0.0060900962, -0.350566, 1]
32 3.3190740000 0.0000000000
[0.17814744, -0.00182129, 0.98400211, 0;
 0.063091926, 0.99796176, -0.009575271, 0;
 -0.98197907, 0.063788399, 0.17789924, 0;
 0.27127093, -0.0072138337, -0.36697677, 1]
34 3.5265510000 0.0000000000
[0.11702533, -0.0026925565, 0.99312526, 0;
 0.063085675, 0.99799693, -0.0047279629, 0;
 -0.99112326, 0.063205272, 0.11696078, 0;
 0.29406595, -0.0064620716, -0.38348344, 1]
36 3.7339240000 0.0000000000
[0.06033482, -0.0025796616, 0.99817485, 0;
 0.066658936, 0.99777478, -0.0014505811, 0;
 -0.99594992, 0.066624798, 0.060372517, 0;
 0.31603503, -0.0073483083, -0.40111893, 1]
38 3.9412900000 0.0000000000
[0.01199191, -0.0010387024, 0.99992758, 0;
 0.075111091, 0.99717516, 0.0001350527, 0;
 -0.99710304, 0.075104028, 0.012036053, 0;
 0.33547714, -0.010803211, -0.42166376, 1]
40 4.1486250000 0.0000000000
[-0.025728544, -0.0018195723, 0.99966729, 0;
 0.084953621, 0.99637687, 0.0040000435, 0;
 -0.99605268, 0.085028268, -0.025480747, 0;
 0.35107818, -0.013556129, -0.44572899, 1]
42 4.3559740000 0.0000000000
[-0.055844679, -0.0021309461, 0.99843717, 0;
 0.090677269, 0.99585432, 0.0071972026, 0;
 -0.99431336, 0.090937488, -0.055419937, 0;
 0.36467066, -0.015134606, -0.47286445, 1]
44 4.5632170000 0.0000000000
[-0.081266046, -0.0027449469, 0.99668866, 0;
 0.09047249, 0.99584752, 0.010119398, 0;
 -0.99257773, 0.090995267, -0.080680244, 0;
 0.37689531, -0.014604504, -0.50178987, 1]
46 4.7705590000 0.0000000000
[-0.10247468, 0.00354863, 0.99472928, 0;
 0.09094388, 0.99583906, 0.0058162366, 0;
 -0.99056959, 0.091060564, -0.10237101, 0;
 0.38775542, -0.017844014, -0.53273255, 1]
48 4.9779670000 0.0000000000
[-0.11921649, 0.0072074318, 0.99284214, 0;
 0.091600083, 0.99578875, 0.0037701475, 0;
 -0.98863381, 0.091393881, -0.11937465, 0;
 0.39681932, -0.019966396, -0.56689662, 1]
50 5.1852690000 0.0000000000
[-0.13005155, 0.0096479729, 0.99146026, 0;
 0.092670225, 0.9956938, 0.0024665433, 0;
 -0.98716706, 0.092199631, -0.13038561, 0;
 0.40319523, -0.021648087, -0.60478741, 1]
52 5.3926220000 0.0000000000
[-0.13850476, 0.012348612, 0.9902848, 0;
 0.092132874, 0.99574661, 0.00046931286, 0;
 -0.98606694, 0.091302782, -0.13905336, 0;
 0.40848929, -0.023093076, -0.64487517, 1]
54 5.6000260000 0.0000000000
[-0.14400963, 0.009487181, 0.9895308, 0;
 0.092445627, 0.99571007, 0.0039074882, 0;
 -0.98524874, 0.092040516, -0.14426889, 0;
 0.41245812, -0.021178588, -0.68787199, 1]
56 5.8073400000 0.0000000000
[-0.14801428, 0.0093484204, 0.98894101, 0;
 0.094874315, 0.99547774, 0.0047895764, 0;
 -0.984424, 0.094534032, -0.14823185, 0;
 0.41517842, -0.021686148, -0.73344779, 1]
58 6.0147150000 0.0000000000
[-0.14955035, 0.010521729, 0.98869812, 0;
 0.096845329, 0.99529117, 0.0040569184, 0;
 -0.98399985, 0.096357509, -0.14986512, 0;
 0.41634867, -0.023109715, -0.78105414, 1]
60 6.2219270000 0.0000000000
[-0.14882903, 0.012186063, 0.98878783, 0;
 0.096316569, 0.99534827, 0.0022303322, 0;
 -0.98416108, 0.09556859, -0.14931044, 0;
 0.41593456, -0.024150457, -0.83060491, 1]
62 6.4292800000 0.0000000000
[-0.14626469, 0.010955354, 0.9891848, 0;
 0.095936224, 0.99538249, 0.003161507, 0;
 -0.9845826, 0.095361069, -0.14664033, 0;
 0.41386065, -0.022838049, -0.88290668, 1]
65 6.7403990000 0.0000000000
[-0.14383459, 0.013148484, 0.98951441, 0;
 0.097359322, 0.99524885, 0.00092734845, 0;
 -0.98480088, 0.096471839, -0.14443134, 0;
 0.41207796, -0.025072141, -0.9630748, 1]
67 6.9477550000 0.0000000000
[-0.14132947, 0.011491402, 0.98989594, 0;
 0.0993466, 0.99504942, 0.0026326901, 0;
 -0.98496509, 0.098714873, -0.14177144, 0;
 0.40937805, -0.023874063, -1.0181191, 1]
69 7.1552090000 0.0000000000
[-0.140018, 0.010866932, 0.9900893, 0;
 0.10227537, 0.99474978, 0.0035456556, 0;
 -0.98485261, 0.10175821, -0.1403943, 0;
 0.40805602, -0.023797112, -1.0744183, 1]
71 7.3625680000 0.0000000000
[-0.13836637, 0.012587702, 0.99030113, 0;
 0.10346861, 0.99463105, 0.0018140519, 0;
 -0.98496139, 0.10271609, -0.13892592, 0;
 0.40620914, -0.026007846, -1.1310544, 1]
74 7.6735720000 0.0000000000
[-0.13760956, 0.011585957, 0.99041879, 0;
 0.10549773, 0.99441493, 0.0030252319, 0;
 -0.98485219, 0.10490323, -0.1380633, 0;
 0.40519255, -0.024714116, -1.217945, 1]
77 7.9846960000 0.0000000000
[-0.13796, 0.0131504, 0.99035048, 0;
 0.10606299, 0.99435818, 0.0015714059, 0;
 -0.98474246, 0.10525633, -0.13857642, 0;
 0.40566614, -0.026526226, -1.3053287, 1]
79 8.1921180000 0.0000000000
[-0.14080183, 0.014305678, 0.98993444, 0;
 0.10400882, 0.99457628, 0.00042077905, 0;
 -0.9845593, 0.10302116, -0.14152607, 0;
 0.40994108, -0.027282568, -1.3639719, 1]
81 8.3995460000 0.0000000000
[-0.14248466, 0.013318543, 0.98970741, 0;
 0.10338068, 0.99464071, 0.0014984183, 0;
 -0.98438334, 0.10253012, -0.14309792, 0;
 0.41201058, -0.025392894, -1.4251409, 1]
83 8.6069780000 0.0000000000
[-0.14546001, 0.013500202, 0.989272, 0;
 0.099335641, 0.99505347, 0.0010269588, 0;
 -0.98436469, 0.098419353, -0.14608154, 0;
 0.41740781, -0.024918118, -1.4855927, 1]
85 8.8144360000 0.0000000000
[-0.15176214, 0.015497427, 0.98829556, 0;
 0.099474058, 0.99504012, -0.0003280043, 0;
 -0.9833988, 0.098259985, -0.15255101, 0;
 0.42675716, -0.0277815, -1.5470257, 1]
87 9.0218670000 0.0000000000
[-0.16044506, 0.0131216, 0.98695755, 0;
 0.09546683, 0.99542999, 0.0022853543, 0;
 -0.98241717, 0.094588384, -0.1609645, 0;
 0.44020873, -0.022519894, -1.6073347, 1]
89 9.2291480000 0.0000000000
[-0.17036647, 0.015732313, 0.98525518, 0;
 0.095586143, 0.99542093, 0.00063374336, 0;
 -0.98073369, 0.094284706, -0.17109014, 0;
 0.45737749, -0.026274782, -1.6666027, 1]
91 9.4365070000 0.0000000000
[-0.18046516, 0.017905436, 0.98341841, 0;
 0.093601175, 0.99560934, -0.00095083413, 0;
 -0.97911751, 0.091877528, -0.18134877, 0;
 0.47558743, -0.029518923, -1.7260461, 1]
93 9.6438560000 0.0000000000
[-0.19012633, 0.016748961, 0.98161674, 0;
 0.089603327, 0.99597746, 0.0003609999, 0;
 -0.97766215, 0.088024765, -0.1908623, 0;
 0.49278843, -0.026375735, -1.7873383, 1]
95 9.8512160000 0.0000000000
[-0.20117421, 0.015590622, 0.97943139, 0;
 0.089333601, 0.99599862, 0.0024946907, 0;
 -0.97547346, 0.087997995, -0.20176201, 0;
 0.51357168, -0.023450492, -1.848508, 1]
98 10.1622700000 0.0000000000
[-0.21900469, 0.018581415, 0.97554684, 0;
 0.090594932, 0.99588686, 0.0013692097, 0;
 -0.97150886, 0.08867947, -0.21978727, 0;
 0.54916942, -0.028822914, -1.9392269, 1]
101 10.4733300000 0.0000000000
[-0.23527873, 0.020428082, 0.97171324, 0;
 0.088738047, 0.99605483, 0.00054613192, 0;
 -0.96786851, 0.086356431, -0.23616326, 0;
 0.58357328, -0.032120805, -2.029474, 1]
102 10.5770100000 0.0000000000
[-0.24018025, 0.019533969, 0.97053176, 0;
 0.090276979, 0.99591404, 0.0022962601, 0;
 -0.96652132, 0.088168196, -0.24096236, 0;
 0.59423804, -0.030023703, -2.0611174, 1]
104 10.7844900000 0.0000000000
[-0.24673815, 0.020277696, 0.96886998, 0;
 0.090272106, 0.99591482, 0.002145505, 0;
 -0.96486849, 0.08799132, -0.24756069, 0;
 0.60818785, -0.03224045, -2.1251812, 1]
106 10.9921000000 0.0000000000
[-0.2533485, 0.020548135, 0.96715683, 0;
 0.090333454, 0.99590844, 0.0025040258, 0;
 -0.96314818, 0.088001005, -0.25416809, 0;
 0.62331098, -0.032082908, -2.1897521, 1]
108 11.1996500000 0.0000000000
[-0.26165763, 0.021547217, 0.96492022, 0;
 0.088058814, 0.99611396, 0.0016351383, 0;
 -0.96113521, 0.085397579, -0.26253822, 0;
 0.64251637, -0.033686977, -2.253926, 1]
109 11.3033600000 0.0000000000
[-0.26581705, 0.020930054, 0.96379626, 0;
 0.087148242, 0.99619246, 0.0024020921, 0;
 -0.96007627, 0.084631667, -0.26662895, 0;
 0.65236104, -0.031889059, -2.2861354, 1]
110 11.4070800000 0.0000000000
[-0.27060935, 0.02142879, 0.96245074, 0;
 0.087244533, 0.99618417, 0.0023504216, 0;
 -0.95872778, 0.084604606, -0.27144629, 0;
 0.66414446, -0.032765184, -2.3179181, 1]
111 11.5105700000 0.0000000000
[-0.2751022, 0.021438427, 0.96117592, 0;
 0.087032653, 0.99620181, 0.0026903236, 0;
 -0.95746756, 0.084393807, -0.27592313, 0;
 0.67505878, -0.032218929, -2.3493087, 1]
112 11.6141800000 0.0000000000
[-0.27941915, 0.021459267, 0.95992941, 0;
 0.086198375, 0.99627399, 0.0028191321, 0;
 -0.95629221, 0.083532073, -0.28022781, 0;
 0.68566352, -0.032025114, -2.3812757, 1]
114 11.8214300000 0.0000000000
[-0.28846747, 0.020487234, 0.9572705, 0;
 0.086951561, 0.99620056, 0.0048819031, 0;
 -0.95353341, 0.084644437, -0.28915283, 0;
 0.70930803, -0.028557094, -2.4450152, 1]
115 11.9250600000 0.0000000000
[-0.29235327, 0.021254914, 0.95607418, 0;
 0.087387003, 0.9961639, 0.0045754807, 0;
 -0.95230931, 0.084886111, -0.29308918, 0;
 0.71914661, -0.030317215, -2.4780521, 1]
117 12.1321400000 0.0000000000
[-0.2995708, 0.024131589, 0.95376885, 0;
 0.087866597, 0.99612939, 0.0023947952, 0;
 -0.95001936, 0.08452183, -0.30053163, 0;
 0.73846215, -0.037306201, -2.5439184, 1]
118 12.2359500000 0.0000000000
[-0.3030121, 0.02504088, 0.95265764, 0;
 0.088686749, 0.99605751, 0.0020269612, 0;
 -0.94885105, 0.085102305, -0.30403826, 0;
 0.74779844, -0.039397728, -2.5770781, 1]
120 12.4432300000 0.0000000000
[-0.30938208, 0.026151489, 0.95057815, 0;
 0.089024596, 0.99602818, 0.0015727187, 0;
 -0.94676149, 0.085111402, -0.3104814, 0;
 0.76523781, -0.041896604, -2.6434095, 1]
122 12.6505900000 0.0000000000
[-0.31697875, 0.027229877, 0.94804168, 0;
 0.091639645, 0.99579012, 0.002038494, 0;
 -0.94399506, 0.087524362, -0.31813964, 0;
 0.78702551, -0.043844171, -2.7095139, 1]
124 12.8578200000 0.0000000000
[-0.32278332, 0.026857629, 0.94609177, 0;
 0.093889505, 0.99557549, 0.0037704268, 0;
 -0.94180447, 0.090045117, -0.3238768, 0;
 0.80425102, -0.042058308, -2.777282, 1]
126 13.0650500000 0.0000000000
[-0.32852012, 0.026751598, 0.94411802, 0;
 0.092088357, 0.99574345, 0.0038291276, 0;
 -0.93999696, 0.088200226, -0.32958528, 0;
 0.82157928, -0.041510459, -2.845623, 1]
128 13.2724100000 0.0000000000
[-0.33451653, 0.030457363, 0.94189757, 0;
 0.09116634, 0.99583566, 0.00017636661, 0;
 -0.9379698, 0.085928351, -0.33590019, 0;
 0.84015894, -0.05225379, -2.9139936, 1]
130 13.4797700000 0.0000000000
[-0.3408778, 0.031898409, 0.93956631, 0;
 0.088323221, 0.99609029, -0.0017734464, 0;
 -0.93594944, 0.082380995, -0.34236243, 0;
 0.86009091, -0.056878734, -2.982192, 1]
132 13.6870000000 0.0000000000
[-0.34821111, 0.031438712, 0.93688881, 0;
 0.088836677, 0.99604613, -0.00040611881, 0;
 -0.93319726, 0.083088674, -0.34962723, 0;
 0.88392186, -0.054645982, -3.0491633, 1]
134 13.8944400000 0.0000000000
[-0.35567176, 0.030132074, 0.93412507, 0;
 0.088404454, 0.9960835, 0.0015296728, 0;
 -0.93042046, 0.083124876, -0.35694259, 0;
 0.90864313, -0.049720343, -3.1158559, 1]
136 14.1018000000 0.0000000000
[-0.36303502, 0.031206386, 0.93125278, 0;
 0.08683902, 0.99622226, 0.00046937988, 0;
 -0.92772007, 0.081039481, -0.36437351, 0;
 0.93391812, -0.053407751, -3.1823139, 1]
138 14.3092000000 0.0000000000
[-0.36895931, 0.032312192, 0.92888373, 0;
 0.087824084, 0.99613595, 0.00023272786, 0;
 -0.92528695, 0.081664227, -0.37037143, 0;
 0.95466882, -0.05623959, -3.2500136, 1]
140 14.5165400000 0.0000000000
[-0.37389177, 0.032036752, 0.92691886, 0;
 0.090677127, 0.99587798, 0.0021563245, 0;
 -0.92302901, 0.08485657, -0.37525561, 0;
 0.9721905, -0.053764358, -3.3195553, 1]
142 14.7236800000 0.0000000000
[-0.37866774, 0.033459958, 0.92492765, 0;
 0.091488376, 0.99580514, 0.0014315736, 0;
 -0.92099977, 0.085162222, -0.38014048, 0;
 0.98953569, -0.05799504, -3.3879054, 1]
144 14.9316300000 0.0000000000
[-0.38439262, 0.034916967, 0.92250913, 0;
 0.090570487, 0.99589002, 4.4626453e-05, 0;
 -0.91871613, 0.083569258, -0.38597521, 0;
 1.0111495, -0.063258819, -3.4563854, 1]
146 15.1385500000 0.0000000000
[-0.38999653, 0.036134064, 0.92010707, 0;
 0.088220231, 0.99609947, -0.0017253852, 0;
 -0.91658056, 0.080499165, -0.3916631, 0;
 1.0327988, -0.068442836, -3.524864, 1]
149 15.4495000000 0.0000000000
[-0.39819571, 0.03551184, 0.91661286, 0;
 0.090643413, 0.99588311, 0.00079442194, 0;
 -0.91281104, 0.083401255, -0.3997753, 0;
 1.0652581, -0.063457705, -3.6287072, 1]
151 15.6566800000 0.0000000000
[-0.40416884, 0.035344284, 0.91400129, 0;
 0.08850728, 0.99607533, 0.00061960134, 0;
 -0.91039222, 0.081146188, -0.40571085, 0;
 1.0892861, -0.063161977, -3.6969798, 1]
153 15.8640400000 0.0000000000
[-0.41104034, 0.033811945, 0.91098988, 0;
 0.086065419, 0.99628776, 0.0018550522, 0;
 -0.90754533, 0.079167232, -0.4124245, 0;
 1.1174186, -0.057375882, -3.764123, 1]
155 16.0714000000 0.0000000000
[-0.41825947, 0.033905912, 0.90769458, 0;
 0.084638342, 0.99641013, 0.0017809866, 0;
 -0.90437567, 0.077570677, -0.41962773, 0;
 1.1475723, -0.058214881, -3.8302472, 1]
157 16.2787600000 0.0000000000
[-0.42572474, 0.033288579, 0.90424019, 0;
 0.083147019, 0.99653423, 0.0024601147, 0;
 -0.9010244, 0.07623221, -0.42701712, 0;
 1.179119, -0.055380948, -3.8953731, 1]
159 16.4862100000 0.0000000000
[-0.43312648, 0.034202866, 0.900684, 0;
 0.083276048, 0.9965241, 0.0022039721, 0;
 -0.89747787, 0.075960003, -0.43446922, 0;
 1.2119236, -0.058447346, -3.9599185, 1]
161 16.6933800000 0.0000000000
[-0.44072184, 0.034731533, 0.89697158, 0;
 0.082304224, 0.99660552, 0.0018502637, 0;
 -0.89386255, 0.074640006, -0.44208437, 0;
 1.2465578, -0.060908396, -4.0238256, 1]
163 16.9006900000 0.0000000000
[-0.4484438, 0.03543688, 0.89310825, 0;
 0.083660655, 0.99649125, 0.0024684125, 0;
 -0.88988709, 0.075824969, -0.449835, 0;
 1.2829661, -0.062082194, -4.0873375, 1]
165 17.1079300000 0.0000000000
[-0.45387387, 0.03926836, 0.89020026, 0;
 0.087890968, 0.99612969, 0.00087063084, 0;
 -0.88672078, 0.078635722, -0.45556858, 0;
 1.307416, -0.075643659, -4.1550922, 1]
167 17.3153300000 0.0000000000
[-0.45998085, 0.042032916, 0.88693339, 0;
 0.091196045, 0.99583298, 0.00010223085, 0;
 -0.88323319, 0.080931842, -0.46189734, 0;
 1.3377408, -0.08531671, -4.2211461, 1]
169 17.5227400000 0.0000000000
[-0.46551526, 0.045285128, 0.88388056, 0;
 0.093574032, 0.99561083, -0.0017267293, 0;
 -0.88007921, 0.081904449, -0.46770954, 0;
 1.3648168, -0.098629393, -4.2880101, 1]
171 17.7300200000 0.0000000000
[-0.47219077, 0.046218988, 0.88028389, 0;
 0.093026891, 0.99566078, -0.0023764998, 0;
 -0.87657392, 0.080767907, -0.47444144, 0;
 1.3979549, -0.10324366, -4.3534045, 1]
173 17.9378200000 0.0000000000
[-0.4787395, 0.047986031, 0.87664467, 0;
 0.092969432, 0.99566197, -0.0037298165, 0;
 -0.87302071, 0.07971555, -0.48112395, 0;
 1.4307786, -0.11209074, -4.4193392, 1]
175 18.1446100000 0.0000000000
[-0.48400024, 0.048639845, 0.87371504, 0;
 0.0931352, 0.99564606, -0.0038349035, 0;
 -0.87009746, 0.079517528, -0.48642302, 0;
 1.4577721, -0.1150561, -4.4877186, 1]
177 18.3518200000 0.0000000000
[-0.48790237, 0.049438246, 0.87149704, 0;
 0.096691273, 0.99531168, -0.002329967, 0;
 -0.86752641, 0.083129361, -0.49039519, 0;
 1.4786823, -0.11484164, -4.5585108, 1]
179 18.5591400000 0.0000000000
[-0.4923017, 0.047499944, 0.86912763, 0;
 0.094926834, 0.99548405, -0.00063603214, 0;
 -0.86523288, 0.082190409, -0.49458751, 0;
 1.5017084, -0.10596391, -4.6291223, 1]
181 18.7662800000 0.0000000000
[-0.4971706, 0.047971483, 0.86632568, 0;
 0.097645663, 0.99522084, 0.00092844258, 0;
 -0.86214077, 0.085054532, -0.49947873, 0;
 1.5294784, -0.10497221, -4.6975317, 1]
183 18.9735300000 0.0000000000
[-0.5051778, 0.051264051, 0.86149138, 0;
 0.095693573, 0.99540597, -0.0031181697, 0;
 -0.85769349, 0.08086396, -0.50776261, 0;
 1.5775332, -0.12616998, -4.7577744, 1]
185 19.1808700000 0.0000000000
[-0.51209146, 0.048295453, 0.85757208, 0;
 0.091342226, 0.99581838, -0.001536808, 0;
 -0.85406023, 0.077545553, -0.5143615, 0;
 1.6150947, -0.11451665, -4.8270907, 1]
187 19.3882200000 0.0000000000
[-0.5218544, 0.044203792, 0.85188848, 0;
 0.087309606, 0.99617958, 0.0017936452, 0;
 -0.84855467, 0.075314075, -0.52372015, 0;
 1.6705756, -0.096104957, -4.889864, 1]
189 19.5954600000 0.0000000000
[-0.53071576, 0.045477919, 0.84632885, 0;
 0.089297466, 0.9960019, 0.0024759644, 0;
 -0.84283257, 0.076889053, -0.532655, 0;
 1.7228141, -0.10032635, -4.9534926, 1]
191 19.8028400000 0.0000000000
[-0.53842086, 0.04649888, 0.84139216, 0;
 0.091161974, 0.9958306, 0.0033022671, 0;
 -0.83773053, 0.078480981, -0.54041493, 0;
 1.7691697, -0.1032403, -5.0186596, 1]
192 19.9064200000 0.0000000000
[-0.54244399, 0.045055129, 0.83888292, 0;
 0.090584159, 0.99587584, 0.0050871461, 0;
 -0.83519399, 0.078749001, -0.5442881, 0;
 1.7931809, -0.095186852, -5.0506573, 1]
194 20.1136500000 0.0000000000
[-0.55031639, 0.042413887, 0.83387822, 0;
 0.08771082, 0.9961198, 0.007218549, 0;
 -0.83033645, 0.07711263, -0.55190122, 0;
 1.8407474, -0.082541957, -5.1155667, 1]
195 20.2172700000 0.0000000000
[-0.55448794, 0.042077355, 0.83112729, 0;
 0.087183155, 0.9961623, 0.0077318284, 0;
 -0.82761234, 0.076747507, -0.55602843, 0;
 1.8664858, -0.080960833, -5.1469502, 1]
197 20.4245000000 0.0000000000
[-0.56208181, 0.042212103, 0.82600373, 0;
 0.089529298, 0.99593371, 0.010026994, 0;
 -0.8222217, 0.079587527, -0.56357545, 0;
 1.9143209, -0.076947384, -5.2145934, 1]
198 20.5281200000 0.0000000000
[-0.5652346, 0.040614691, 0.82392979, 0;
 0.087806098, 0.99607533, 0.011136571, 0;
 -0.82024384, 0.078640833, -0.56658244, 0;
 1.9338986, -0.068957612, -5.2504134, 1]
199 20.6317300000 0.0000000000
[-0.56841129, 0.040102772, 0.82176661, 0;
 0.088186726, 0.99602687, 0.01239146, 0;
 -0.81800473, 0.07951235, -0.56968945, 0;
 1.9543815, -0.064589515, -5.2857871, 1]
200 20.7353500000 0.0000000000
[-0.57131732, 0.039362814, 0.81978476, 0;
 0.088244483, 0.996005, 0.013674373, 0;
 -0.81597149, 0.08015389, -0.57250845, 0;
 1.9733473, -0.059162978, -5.3226271, 1]
201 20.8389600000 0.0000000000
[-0.57367581, 0.038449276, 0.81817955, 0;
 0.085960738, 0.99620765, 0.013456864, 0;
 -0.81455928, 0.078051195, -0.57480532, 0;
 1.9881911, -0.05666399, -5.3613958, 1]
202 20.9425800000 0.0000000000
[-0.57621586, 0.037673075, 0.81642884, 0;
 0.082866013, 0.99648225, 0.012503425, 0;
 -0.81308579, 0.074858874, -0.57731068, 0;
 2.0045707, -0.056559805, -5.3995504, 1]
203 21.0463200000 0.0000000000
[-0.57945412, 0.037221178, 0.81415445, 0;
 0.07920678, 0.99679971, 0.01080217, 0;
 -0.81114686, 0.070745915, -0.58054787, 0;
 2.0257232, -0.059942108, -5.4361172, 1]
204 21.1499400000 0.0000000000
[-0.58226055, 0.034782238, 0.81225789, 0;
 0.077016287, 0.99695128, 0.012517392, 0;
 -0.80934614, 0.069845468, -0.58316422, 0;
 2.0445294, -0.047331322, -5.4731112, 1]
206 21.3571700000 0.0000000000
[-0.58718854, 0.034903087, 0.80869734, 0;
 0.077839926, 0.99687457, 0.013494185, 0;
 -0.80569881, 0.070872568, -0.58807015, 0;
 2.0780466, -0.045635752, -5.5489168, 1]
207 21.4608200000 0.0000000000
[-0.59025413, 0.034052502, 0.80649889, 0;
 0.076368228, 0.99698424, 0.013796493, 0;
 -0.80359685, 0.069734327, -0.59107459, 0;
 2.099021, -0.042189389, -5.5846429, 1]
208 21.5646200000 0.0000000000
[-0.59363973, 0.030403337, 0.80415636, 0;
 0.074467085, 0.99707383, 0.017275563, 0;
 -0.80127805, 0.070138648, -0.5941667, 0;
 2.1224988, -0.019895799, -5.618216, 1]
209 21.6681400000 0.0000000000
[-0.59649915, 0.027590603, 0.80213934, 0;
 0.072054759, 0.99721426, 0.019282006, 0;
 -0.79937285, 0.069299653, -0.59682548, 0;
 2.1424479, -0.0044179675, -5.6541176, 1]
211 21.8753600000 0.0000000000
[-0.60222715, 0.027726233, 0.79784316, 0;
 0.0721232, 0.99719948, 0.019785803, 0;
 -0.79506016, 0.069458552, -0.60254031, 0;
 2.1838007, -0.0039960449, -5.7239957, 1]
213 22.0826500000 0.0000000000
[-0.60817087, 0.026296785, 0.79337049, 0;
 0.071428917, 0.99720955, 0.021701815, 0;
 -0.79058594, 0.069868006, -0.60835212, 0;
 2.2273607, 0.0061002891, -5.791719, 1]
215 22.2902500000 0.0000000000
[-0.61538601, 0.020363983, 0.78796279, 0;
 0.057105958, 0.99819106, 0.018801728, 0;
 -0.78615457, 0.056567691, -0.61543572, 0;
 2.2789934, 0.018821964, -5.8554959, 1]
216 22.3935700000 0.0000000000
[-0.61957431, 0.022358976, 0.78461951, 0;
 0.048751567, 0.99876052, 0.010035381, 0;
 -0.78342259, 0.044469092, -0.61989641, 0;
 2.3094079, -0.014783163, -5.8837457, 1]
218 22.6008500000 0.0000000000
[-0.62395746, 0.034512736, 0.78069586, 0;
 0.066445738, 0.99774945, 0.0089974171, 0;
 -0.77862835, 0.057487916, -0.6248464, 0;
 2.3464565, -0.063758284, -5.9505911, 1]
219 22.7044400000 0.0000000000
[-0.62634778, 0.024393367, 0.77916199, 0;
 0.064113565, 0.99773604, 0.020302894, 0;
 -0.77690279, 0.062671527, -0.62649369, 0;
 2.3643496, 0.0086523071, -5.984694, 1]
221 22.9117700000 0.0000000000
[-0.63364047, 0.0085388608, 0.77358055, 0;
 0.053468503, 0.99803138, 0.032779723, 0;
 -0.77177775, 0.062132753, -0.63284963, 0;
 2.4193518, 0.1062155, -6.0432248, 1]
223 23.1190100000 0.0000000000
[-0.63970381, 0.012226097, 0.76852429, 0;
 0.057060312, 0.99786985, 0.03162118, 0;
 -0.76650059, 0.064080425, -0.63903874, 0;
 2.4686213, 0.088112704, -6.102108, 1]
225 23.3263700000 0.0000000000
[-0.64521188, 0.020285957, 0.76373428, 0;
 0.060577907, 0.99785852, 0.024672287, 0;
 -0.76159829, 0.062184282, -0.64505905, 0;
 2.5193098, 0.033229697, -6.1551299, 1]
227 23.5337100000 0.0000000000
[-0.65439063, 0.018032482, 0.75594163, 0;
 0.057632945, 0.99799705, 0.026084155, 0;
 -0.75395709, 0.060636368, -0.65411919, 0;
 2.5975513, 0.043767892, -6.1778898, 1]
229 23.7410800000 0.0000000000
[-0.66667241, 0.017568776, 0.74514377, 0;
 0.056381363, 0.99804652, 0.026912179, 0;
 -0.74321538, 0.059953831, -0.66636062, 0;
 2.7010019, 0.044192467, -6.1447754, 1]
231 23.9484300000 0.0000000000
[-0.67518771, 0.017684333, 0.73743397, 0;
 0.054680996, 0.99816197, 0.026128588, 0;
 -0.73561645, 0.057965327, -0.67491364, 0;
 2.7711759, 0.038954198, -6.1157207, 1]
233 24.1556500000 0.0000000000
[-0.68588859, 0.015817374, 0.72753465, 0;
 0.05552775, 0.99798656, 0.030651907, 0;
 -0.72558498, 0.061422154, -0.68538588, 0;
 2.8616111, 0.057883888, -6.0777864, 1]
239 24.7775900000 0.0000000000
[-0.72020495, 0.0093977638, 0.69369769, 0;
 0.038892932, 0.99888265, 0.026846884, 0;
 -0.69267029, 0.046315197, -0.71976578, 0;
 3.1544321, 0.066700421, -5.9420867, 1]
241 24.9848800000 0.0000000000
[-0.7342304, 0.0096206237, 0.67883223, 0;
 0.03248854, 0.9992519, 0.020978153, 0;
 -0.67812258, 0.037457064, -0.73399365, 0;
 3.2769256, 0.046151932, -5.8799977, 1]
243 25.1919500000 0.0000000000
[-0.74738783, 0.0086721433, 0.66433144, 0;
 0.03303314, 0.99916315, 0.024120012, 0;
 -0.66356629, 0.039971955, -0.74704885, 0;
 3.3936732, 0.05707407, -5.8182564, 1]
247 25.6063900000 0.0000000000
[-0.76233023, 0.0052341609, 0.64716709, 0;
 0.034722786, 0.99885786, 0.03282313, 0;
 -0.64625609, 0.04749351, -0.76164126, 0;
 3.5294325, 0.095696136, -5.7446394, 1]
250 25.9172600000 0.0000000000
[-0.75838053, 0.0046216943, 0.65179569, 0;
 0.033215351, 0.99894971, 0.031563625, 0;
 -0.65096521, 0.045586862, -0.75773752, 0;
 3.494566, 0.095721081, -5.7695346, 1]
252 26.1244800000 0.0000000000
[-0.74849093, 0.0058719707, 0.66311908, 0;
 0.031604324, 0.99914038, 0.026825689, 0;
 -0.66239154, 0.041036211, -0.74803311, 0;
 3.406024, 0.078002162, -5.8212276, 1]
255 26.4354400000 0.0000000000
[-0.74748898, -0.013776323, 0.66413134, 0;
 0.0060703796, 0.99960154, 0.0275674, 0;
 -0.6642465, 0.024637856, -0.74710745, 0;
 3.395364, 0.1695796, -5.827198, 1]
258 26.7463100000 0.0000000000
[-0.74456155, -0.014210277, 0.66740257, 0;
 0.0089893918, 0.99946934, 0.031309277, 0;
 -0.66749328, 0.029311227, -0.7440387, 0;
 3.3698375, 0.18220207, -5.8419523, 1]
261 27.0572600000 0.0000000000
[-0.74201947, -0.017310821, 0.67015481, 0;
 0.0029297473, 0.99957323, 0.029063975, 0;
 -0.67037195, 0.02352942, -0.74165207, 0;
 3.3472912, 0.18992539, -5.8547626, 1]
265 27.4718500000 0.0000000000
[-0.73689318, -0.013624301, 0.67587191, 0;
 0.0097835874, 0.99947727, 0.030814474, 0;
 -0.67593843, 0.029319428, -0.73637468, 0;
 3.3027871, 0.17848039, -5.880672, 1]
273 28.3010200000 0.0000000000
[-0.73318219, -0.017870435, 0.67979741, 0;
 0.005378034, 0.99947101, 0.032074351, 0;
 -0.68001097, 0.027172316, -0.73269826, 0;
 3.2703109, 0.20118791, -5.8992543, 1]
276 28.6118700000 0.0000000000
[-0.73310775, -0.016974257, 0.67990065, 0;
 0.0066486602, 0.99946189, 0.032121319, 0;
 -0.68008, 0.028068818, -0.73260039, 0;
 3.2696095, 0.19732463, -5.8999138, 1]
279 28.9228400000 0.0000000000
[-0.73329467, -0.019960731, 0.67961794, 0;
 0.0051668314, 0.99937654, 0.034927119, 0;
 -0.67989135, 0.02912334, -0.73273432, 0;
 3.2710986, 0.21868059, -5.8985858, 1]
285 29.5446600000 0.0000000000
[-0.73321247, -0.019609658, 0.67971683, 0;
 0.0040371134, 0.99944097, 0.033188466, 0;
 -0.67998767, 0.02707829, -0.73272336, 0;
 3.2704, 0.21215598, -5.9002695, 1]
291 30.1663500000 0.0000000000
[-0.73191792, -0.021084758, 0.68106651, 0;
 0.0046420223, 0.99934363, 0.035926737, 0;
 -0.68137699, 0.029456949, -0.73133963, 0;
 3.2592258, 0.22664519, -5.906877, 1]
297 30.7881700000 0.0000000000
[-0.73121607, -0.025752805, 0.68165964, 0;
 0.0023728334, 0.99918503, 0.040294115, 0;
 -0.68214184, 0.031081168, -0.73055905, 0;
 3.2529433, 0.26000139, -5.9096212, 1]
300 31.0991400000 0.0000000000
[-0.7311781, -0.02311171, 0.681795, 0;
 0.0010490378, 0.99938667, 0.035002559, 0;
 -0.68218577, 0.026308334, -0.73070544, 0;
 3.2525611, 0.23302241, -5.9113989, 1]
304 31.5138500000 0.0000000000
[-0.73068309, -0.023776596, 0.68230265, 0;
 0.003605024, 0.99924505, 0.038681921, 0;
 -0.68270731, 0.030723941, -0.73004574, 0;
 3.2482779, 0.24659069, -5.9136267, 1]
307 31.8248200000 0.0000000000
[-0.7283603, -0.022787115, 0.68481529, 0;
 0.0063568549, 0.99917912, 0.040008582, 0;
 -0.68516481, 0.033493936, -0.72761756, 0;
 3.2280965, 0.24606639, -5.9248147, 1]
311 32.2395400000 0.0000000000
[-0.72694665, -0.023224296, 0.68630111, 0;
 0.0071423613, 0.99911815, 0.041375324, 0;
 -0.68665677, 0.034979466, -0.72613972, 0;
 3.2157867, 0.25198826, -5.9316397, 1]
315 32.6543700000 0.0000000000
[-0.72694933, -0.024157932, 0.68626601, 0;
 0.0058929431, 0.99912471, 0.041413475, 0;
 -0.68666577, 0.034149624, -0.72617072, 0;
 3.2158029, 0.25624767, -5.9321361, 1]
319 33.0705000000 0.0000000000
[-0.72305727, -0.023351433, 0.69039327, 0;
 0.0074062538, 0.99910897, 0.041549899, 0;
 -0.69074839, 0.035156187, -0.72224009, 0;
 3.182214, 0.25319165, -5.9509039, 1]
323 33.4838100000 0.0000000000
[-0.72192574, -0.025717787, 0.6914925, 0;
 0.0051022056, 0.99908412, 0.042484403, 0;
 -0.69195175, 0.03419872, -0.72113329, 0;
 3.1724334, 0.26637834, -5.9562955, 1]
326 33.7949400000 0.0000000000
[-0.71930671, -0.025489535, 0.69422483, 0;
 0.0036987893, 0.99917191, 0.040518563, 0;
 -0.69468278, 0.031713065, -0.71861678, 0;
 3.1496449, 0.2596387, -5.9687986, 1]
338 35.0391500000 0.0000000000
[-0.71639818, -0.023017529, 0.69731188, 0;
 0.0067700362, 0.99917924, 0.039937194, 0;
 -0.69765884, 0.033331759, -0.71565437, 0;
 3.1243703, 0.24712281, -5.9830108, 1]
342 35.4540000000 0.0000000000
[-0.71676052, -0.025472075, 0.696854, 0;
 0.0045921984, 0.99913853, 0.04124485, 0;
 -0.69730425, 0.03276277, -0.71602607, 0;
 3.1273863, 0.26167464, -5.9811802, 1]
346 35.8683300000 0.0000000000
[-0.71343696, -0.025312863, 0.70026207, 0;
 0.0060928287, 0.99908543, 0.042322099, 0;
 -0.70069295, 0.034460727, -0.71263021, 0;
 3.0989037, 0.26424265, -5.9960217, 1]
351 36.3868400000 0.0000000000
[-0.71166843, -0.021383449, 0.70218998, 0;
 0.011944774, 0.99902385, 0.042528793, 0;
 -0.70241398, 0.038653899, -0.71071827, 0;
 3.0839574, 0.24786124, -6.0044494, 1]
355 36.8015000000 0.0000000000
[-0.71149874, -0.020830568, 0.70237857, 0;
 0.012005274, 0.99905425, 0.041790288, 0;
 -0.70258486, 0.038165983, -0.71057576, 0;
 3.0825148, 0.24328749, -6.0056486, 1]
359 37.2163300000 0.0000000000
[-0.71000707, -0.022159975, 0.7038458, 0;
 0.0096921874, 0.99910253, 0.041232906, 0;
 -0.70412785, 0.036097463, -0.70915508, 0;
 3.0696404, 0.24745995, -6.0124731, 1]
363 37.6310500000 0.0000000000
[-0.71198028, -0.023736695, 0.70179814, 0;
 0.0067585525, 0.99915057, 0.040650561, 0;
 -0.70216691, 0.033685539, -0.71121508, 0;
 3.0863581, 0.25248927, -6.0039449, 1]
367 38.0456300000 0.0000000000
[-0.71321607, -0.023653852, 0.70054507, 0;
 0.0077918032, 0.99910116, 0.041667312, 0;
 -0.70090097, 0.035176307, -0.71239066, 0;
 3.096987, 0.25510725, -5.998611, 1]
371 38.4601000000 0.0000000000
[-0.71277177, -0.020178834, 0.70110571, 0;
 0.012247447, 0.99907559, 0.041206077, 0;
 -0.70128912, 0.037957281, -0.71186572, 0;
 3.0934358, 0.23868167, -6.0013676, 1]
375 38.8747600000 0.0000000000
[-0.71086949, -0.019893629, 0.70304257, 0;
 0.010354732, 0.99919552, 0.038743727, 0;
 -0.70324773, 0.034821551, -0.71009159, 0;
 3.0770068, 0.23023404, -6.0104041, 1]
379 39.2892600000 0.0000000000
[-0.70937687, -0.020850165, 0.70452088, 0;
 0.012267051, 0.99904573, 0.041918177, 0;
 -0.70472258, 0.038378179, -0.70844418, 0;
 3.064368, 0.24388173, -6.0165458, 1]
383 39.7038500000 0.0000000000
[-0.70726544, -0.01798795, 0.70671922, 0;
 0.013074072, 0.99917245, 0.038515866, 0;
 -0.70682722, 0.036480639, -0.70644498, 0;
 3.0463963, 0.22151005, -6.0267601, 1]
387 40.1186900000 0.0000000000
[-0.70506197, -0.019973191, 0.70886439, 0;
 0.010203065, 0.99921411, 0.038302511, 0;
 -0.70907229, 0.034238234, -0.7043041, 0;
 3.0274284, 0.22951779, -6.0362382, 1]
392 40.6370200000 0.0000000000
[-0.70410705, -0.018239066, 0.70985955, 0;
 0.01220006, 0.99921179, 0.03777485, 0;
 -0.70998901, 0.035257868, -0.70332956, 0;
 3.0194218, 0.22054636, -6.0408669, 1]
397 41.1552200000 0.0000000000
[-0.7034294, -0.019214688, 0.71050537, 0;
 0.011321774, 0.99920475, 0.038231205, 0;
 -0.710675, 0.034937132, -0.70265245, 0;
 3.0135922, 0.22613178, -6.0438485, 1]
402 41.6735500000 0.0000000000
[-0.70101213, -0.012390402, 0.71304166, 0;
 0.016048225, 0.99932176, 0.033142522, 0;
 -0.71296877, 0.034676366, -0.70033789, 0;
 2.9933603, 0.18178363, -6.0556617, 1]
406 42.0883800000 0.0000000000
[-0.69862241, -0.014943423, 0.71533448, 0;
 0.013940758, 0.99930781, 0.034490727, 0;
 -0.71535468, 0.034068301, -0.69793051, 0;
 2.9729159, 0.19688639, -6.0654788, 1]
411 42.6065800000 0.0000000000
[-0.69535178, -0.014400169, 0.71852529, 0;
 0.014232971, 0.99932718, 0.033801734, 0;
 -0.71852863, 0.033730846, -0.69467896, 0;
 2.9452093, 0.1926918, -6.0793896, 1]
416 43.1247900000 0.0000000000
[-0.69882196, -0.018190935, 0.71506429, 0;
 0.0079236832, 0.99941838, 0.033168484, 0;
 -0.71525174, 0.028844809, -0.69827139, 0;
 2.9742658, 0.20669727, -6.0649838, 1]
421 43.6428700000 0.0000000000
[-0.70016831, -0.018384747, 0.71374106, 0;
 0.009001201, 0.99936169, 0.034571879, 0;
 -0.71392107, 0.030630659, -0.69955593, 0;
 2.9857509, 0.21171382, -6.059238, 1]
425 44.0574500000 0.0000000000
[-0.70046651, -0.01609988, 0.7135036, 0;
 0.0066863568, 0.99955362, 0.02911865, 0;
 -0.71365392, 0.02516738, -0.70004618, 0;
 2.9881864, 0.18550195, -6.0590262, 1]
430 44.5755300000 0.0000000000
[-0.69695383, -0.015277569, 0.71695322, 0;
 0.010243082, 0.99945897, 0.031254843, 0;
 -0.7170428, 0.029126992, -0.69642025, 0;
 2.958576, 0.18859266, -6.0736017, 1]
434 44.9901100000 0.0000000000
[-0.69444448, -0.01730592, 0.71933818, 0;
 0.009247575, 0.99941349, 0.032971554, 0;
 -0.71948689, 0.029549045, -0.6938771, 0;
 2.9372942, 0.20250224, -6.0835838, 1]
438 45.4047100000 0.0000000000
[-0.6915642, -0.01736749, 0.72210616, 0;
 0.0092965309, 0.99941409, 0.032940395, 0;
 -0.72225517, 0.029493479, -0.69099754, 0;
 2.9129648, 0.20278293, -6.0953736, 1]
447 46.3374900000 0.0000000000
[-0.692442, -0.023843599, 0.72107941, 0;
 0.0026355619, 0.99936348, 0.035576381, 0;
 -0.72146869, 0.026535032, -0.69193846, 0;
 2.9200969, 0.2381063, -6.0909567, 1]
453 46.9594400000 0.0000000000
[-0.69481933, -0.026247801, 0.71870524, 0;
 0.0051525859, 0.99912643, 0.041470397, 0;
 -0.71916592, 0.032517623, -0.69407707, 0;
 2.940361, 0.26618847, -6.080205, 1]
458 47.4773900000 0.0000000000
[-0.69346511, -0.022914751, 0.72012568, 0;
 0.010777064, 0.99905241, 0.042168409, 0;
 -0.72040957, 0.037003163, -0.69256103, 0;
 2.9292672, 0.25427616, -6.0862036, 1]
463 47.9958400000 0.0000000000
[-0.69050503, -0.025385445, 0.72288197, 0;
 0.011386208, 0.99887866, 0.045953859, 0;
 -0.72323793, 0.039962254, -0.68944174, 0;
 2.9043286, 0.27640462, -6.0973396, 1]
483 50.0685300000 0.0000000000
[-0.69409525, -0.031465847, 0.71919519, 0;
 0.009556409, 0.99855351, 0.052911077, 0;
 -0.71981972, 0.043598253, -0.69279057, 0;
 2.9347577, 0.32314935, -6.0810537, 1]
503 52.1418300000 0.0000000000
[-0.69589603, -0.031889338, 0.71743417, 0;
 0.016043147, 0.99807394, 0.05992505, 0;
 -0.71796334, 0.053211506, -0.69404411, 0;
 2.9506452, 0.34618858, -6.0727329, 1]
509 52.7639000000 0.0000000000
[-0.69919914, -0.031379126, 0.71423799, 0;
 0.014196138, 0.99822998, 0.057753172, 0;
 -0.71478599, 0.05052039, -0.69751602, 0;
 2.9785817, 0.33721128, -6.0598106, 1]
513 53.1784800000 0.0000000000
[-0.70008498, -0.029767329, 0.71343881, 0;
 0.014596513, 0.99832535, 0.055977162, 0;
 -0.71391028, 0.04960249, -0.6984781, 0;
 2.9861684, 0.32491484, -6.0568976, 1]
525 54.4223700000 0.0000000000
[-0.70007026, -0.030622432, 0.71341705, 0;
 0.010615434, 0.99852335, 0.05327706, 0;
 -0.71399504, 0.044870917, -0.69871145, 0;
 2.9858584, 0.32038856, -6.0577683, 1]
529 54.8370800000 0.0000000000
[-0.69979298, -0.028381947, 0.71378165, 0;
 0.013765207, 0.99848908, 0.053198144, 0;
 -0.71421307, 0.047053039, -0.69834495, 0;
 2.9837351, 0.31060958, -6.0594931, 1]
532 55.1479500000 0.0000000000
[-0.69939566, -0.035852719, 0.71383488, 0;
 0.00054565008, 0.99871403, 0.050695531, 0;
 -0.71473449, 0.035845738, -0.69847667, 0;
 2.9797246, 0.33488187, -6.0602927, 1]
536 55.5625400000 0.0000000000
[-0.69767582, -0.03413409, 0.71559995, 0;
 0.004729887, 0.99862307, 0.052245691, 0;
 -0.716398, 0.039835263, -0.69655371, 0;
 2.9653049, 0.33229092, -6.0676942, 1]
540 55.9772900000 0.0000000000
[-0.69887042, -0.032490723, 0.71450996, 0;
 0.00628353, 0.99865025, 0.051557347, 0;
 -0.71522069, 0.040521551, -0.69772297, 0;
 2.9755743, 0.3232024, -6.0633149, 1]
544 56.3917000000 0.0000000000
[-0.70290893, -0.042580049, 0.71000421, 0;
 0.0026037095, 0.9980458, 0.06243204, 0;
 -0.7112751, 0.045732684, -0.70142448, 0;
 3.0098431, 0.39901641, -6.0420041, 1]
548 56.8060300000 0.0000000000
[-0.7124632, -0.043032661, 0.70038873, 0;
 0.00025261688, 0.99810201, 0.061581466, 0;
 -0.70170945, 0.044051457, -0.7111001, 0;
 3.0914879, 0.3983832, -6.0008702, 1]
552 57.2206200000 0.0000000000
[-0.71752107, -0.040777929, 0.69534212, 0;
 0.0082605649, 0.99771649, 0.067034543, 0;
 -0.69648778, 0.053842615, -0.71554571, 0;
 3.1353316, 0.404616, -5.977839, 1]
556 57.6349500000 0.0000000000
[-0.72451419, -0.033063408, 0.68846637, 0;
 0.015813356, 0.99778855, 0.064559855, 0;
 -0.68907845, 0.057661496, -0.72238916, 0;
 3.196249, 0.36316401, -5.9483781, 1]
559 57.9458000000 0.0000000000
[-0.7244575, -0.035675839, 0.68839562, 0;
 0.017682532, 0.99736935, 0.070297122, 0;
 -0.68909264, 0.063099861, -0.72192091, 0;
 3.1959496, 0.39144406, -5.9468956, 1]
563 58.3604000000 0.0000000000
[-0.7272985, -0.03931566, 0.68519425, 0;
 0.01853412, 0.99686867, 0.0768722, 0;
 -0.68607092, 0.068608508, -0.72429246, 0;
 3.2206879, 0.42647988, -5.9313426, 1]
567 58.7749700000 0.0000000000
[-0.73140156, -0.037524074, 0.68091387, 0;
 0.025052965, 0.99633247, 0.081816852, 0;
 -0.68148673, 0.076899886, -0.72777903, 0;
 3.2570181, 0.43251264, -5.9112825, 1]
570 59.0860700000 0.0000000000
[-0.73402649, -0.034314718, 0.67825335, 0;
 0.030811602, 0.9960115, 0.083736241, 0;
 -0.6784215, 0.082362689, -0.73004156, 0;
 3.2805984, 0.4234589, -5.8990741, 1]
572 59.2935700000 0.0000000000
[-0.73247719, -0.033424139, 0.67997062, 0;
 0.031631045, 0.99604458, 0.083034404, 0;
 -0.68005639, 0.082328983, -0.72852266, 0;
 3.2672095, 0.41766942, -5.9070683, 1]
575 59.6046500000 0.0000000000
[-0.72909349, -0.027990287, 0.68384153, 0;
 0.035977736, 0.99621451, 0.079134509, 0;
 -0.68346781, 0.082299523, -0.72532648, 0;
 3.2383811, 0.3827101, -5.9254956, 1]
578 59.9157400000 0.0000000000
[-0.72982007, -0.024072234, 0.68321532, 0;
 0.041175265, 0.99601775, 0.07907743, 0;
 -0.68239814, 0.085843869, -0.72592258, 0;
 3.2455232, 0.36504281, -5.9228902, 1]
581 60.2268400000 0.0000000000
[-0.73421246, -0.021457084, 0.67858064, 0;
 0.046407152, 0.99557656, 0.081692405, 0;
 -0.67733186, 0.091470577, -0.72996897, 0;
 3.2846806, 0.36014536, -5.9017944, 1]
585 60.6414300000 0.0000000000
[-0.74099177, -0.01580465, 0.67132813, 0;
 0.053505089, 0.99515492, 0.082485609, 0;
 -0.66937912, 0.097040631, -0.73655599, 0;
 3.3453646, 0.33561251, -5.8693662, 1]
588 60.9524000000 0.0000000000
[-0.75027329, -0.0060290536, 0.66110033, 0;
 0.065514393, 0.9943586, 0.083419628, 0;
 -0.65787375, 0.10589911, -0.7456457, 0;
 3.4298029, 0.29153791, -5.8230448, 1]
591 61.2633700000 0.0000000000
[-0.75907433, 0.0075292359, 0.65096045, 0;
 0.079954632, 0.99344116, 0.0817433, 0;
 -0.64607543, 0.11409654, -0.75469768, 0;
 3.5118506, 0.22175519, -5.7772899, 1]
593 61.4706300000 0.0000000000
[-0.76279849, 0.013538908, 0.64649451, 0;
 0.088055871, 0.99264246, 0.083109118, 0;
 -0.64061272, 0.12032315, -0.75837833, 0;
 3.5476332, 0.19629979, -5.7564802, 1]
595 61.6778500000 0.0000000000
[-0.76231635, 0.01694976, 0.64698261, 0;
 0.088974744, 0.99291003, 0.078823313, 0;
 -0.64105952, 0.11765341, -0.75841963, 0;
 3.5436213, 0.16874292, -5.7600179, 1]
597 61.8852400000 0.0000000000
[-0.76300591, 0.018052422, 0.64613938, 0;
 0.093131565, 0.99225038, 0.082253791, 0;
 -0.63964719, 0.1229361, -0.75877416, 0;
 3.5511837, 0.17282964, -5.7554326, 1]
599 62.0924200000 0.0000000000
[-0.76441997, 0.017828723, 0.64447206, 0;
 0.097315595, 0.99135524, 0.088002861, 0;
 -0.63733178, 0.12998833, -0.75954676, 0;
 3.5653157, 0.18918185, -5.7463684, 1]
601 62.3000100000 0.0000000000
[-0.76426888, 0.018760642, 0.64462483, 0;
 0.096897297, 0.99156988, 0.086023837, 0;
 -0.6375767, 0.12820774, -0.75964385, 0;
 3.5638313, 0.17943363, -5.7477851, 1]
603 62.5070200000 0.0000000000
[-0.76499194, 0.023185698, 0.64362234, 0;
 0.1013405, 0.99123603, 0.084742494, 0;
 -0.63601685, 0.13005234, -0.76063722, 0;
 3.571924, 0.15490228, -5.7436919, 1]
605 62.7141200000 0.0000000000
[-0.76580888, 0.025316203, 0.64256972, 0;
 0.1026388, 0.99122709, 0.083271272, 0;
 -0.6348244, 0.12972246, -0.76168895, 0;
 3.5797677, 0.14052251, -5.7393661, 1]
607 62.9215500000 0.0000000000
[-0.76884711, 0.029408358, 0.63875604, 0;
 0.10755108, 0.99065775, 0.083845355, 0;
 -0.63032281, 0.13316315, -0.76482725, 0;
 3.6090133, 0.12150885, -5.7216768, 1]
609 63.1285700000 0.0000000000
[-0.777812, 0.028975014, 0.62782872, 0;
 0.10803164, 0.99023265, 0.088139169, 0;
 -0.61914265, 0.13638107, -0.77334505, 0;
 3.6904209, 0.13110961, -5.669518, 1]
611 63.3356900000 0.0000000000
[-0.78474611, 0.029648265, 0.61910784, 0;
 0.11021413, 0.98961192, 0.092309974, 0;
 -0.60993969, 0.14067432, -0.77986175, 0;
 3.7546277, 0.13586886, -5.6272883, 1]
613 63.5429100000 0.0000000000
[-0.79325205, 0.036375381, 0.60780591, 0;
 0.11623441, 0.98890364, 0.092515454, 0;
 -0.59769619, 0.14403602, -0.78867793, 0;
 3.8355036, 0.099736571, -5.5734859, 1]
616 63.8536300000 0.0000000000
[-0.80653787, 0.042952754, 0.58961999, 0;
 0.12148889, 0.98811257, 0.094201759, 0;
 -0.5785647, 0.14760956, -0.80216849, 0;
 3.9617376, 0.06503544, -5.4853926, 1]
619 64.1643500000 0.0000000000
[-0.81525445, 0.048062552, 0.57710499, 0;
 0.12657145, 0.98724437, 0.09658286, 0;
 -0.56510162, 0.15178461, -0.81093872, 0;
 4.0465541, 0.041029457, -5.4237432, 1]
622 64.4752000000 0.0000000000
[-0.82963383, 0.052427202, 0.55584091, 0;
 0.12956388, 0.98648131, 0.10033829, 0;
 -0.5430662, 0.15526094, -0.82521099, 0;
 4.185905, 0.020338556, -5.3174896, 1]
624 64.6825800000 0.0000000000
[-0.83889467, 0.056591861, 0.54134375, 0;
 0.13333465, 0.98564309, 0.10358363, 0;
 -0.52770972, 0.15907563, -0.83439642, 0;
 4.2781782, 0.0016470684, -5.2438812, 1]
626 64.8896200000 0.0000000000
[-0.84949505, 0.058604531, 0.52433163, 0;
 0.13551566, 0.98470622, 0.1094949, 0;
 -0.50989568, 0.16407052, -0.84444493, 0;
 4.384233, -0.00071673648, -5.1558728, 1]
628 65.0967700000 0.0000000000
[-0.85862619, 0.05969144, 0.50911492, 0;
 0.13666444, 0.98390478, 0.1151272, 0;
 -0.49404848, 0.16842914, -0.8529641, 0;
 4.4766378, 0.0015235349, -5.0761776, 1]
631 65.4077400000 0.0000000000
[-0.87480551, 0.060677964, 0.48065948, 0;
 0.13803919, 0.9822197, 0.12723839, 0;
 -0.46439266, 0.17765869, -0.86762714, 0;
 4.6436892, 0.014718908, -4.9243412, 1]
633 65.6149700000 0.0000000000
[-0.87845421, 0.064077735, 0.47351059, 0;
 0.14025232, 0.98189551, 0.12732048, 0;
 -0.45677951, 0.17825617, -0.87153727, 0;
 4.6833901, -0.0058661299, -4.8868484, 1]
635 65.8224500000 0.0000000000
[-0.88616949, 0.071872681, 0.45775309, 0;
 0.14243819, 0.98231673, 0.12151232, 0;
 -0.44092509, 0.17288204, -0.88073653, 0;
 4.7667341, -0.067333691, -4.8054371, 1]
637 66.0298100000 0.0000000000
[-0.89577651, 0.070561066, 0.43886849, 0;
 0.14049716, 0.9816491, 0.12894033, 0;
 -0.42171669, 0.1771615, -0.88925183, 0;
 4.8692508, -0.049833119, -4.7020931, 1]
639 66.2371800000 0.0000000000
[-0.90437043, 0.068877473, 0.42115325, 0;
 0.13905042, 0.98059154, 0.13822147, 0;
 -0.40345895, 0.18356495, -0.89639544, 0;
 4.9632492, -0.025454603, -4.6032786, 1]
641 66.4445200000 0.0000000000
[-0.91328764, 0.07026647, 0.40120849, 0;
 0.13922839, 0.97953063, 0.1453793, 0;
 -0.38278073, 0.18863274, -0.90437639, 0;
 5.0645075, -0.023662252, -4.4919791, 1]
643 66.6518800000 0.0000000000
[-0.91521114, 0.075220995, 0.39589188, 0;
 0.14303806, 0.97909111, 0.14464004, 0;
 -0.37673426, 0.18900378, -0.90683454, 0;
 5.0898242, -0.054735001, -4.4632854, 1]
645 66.8591000000 0.0000000000
[-0.92308635, 0.079477206, 0.37629113, 0;
 0.14447057, 0.97841614, 0.14775002, 0;
 -0.35642657, 0.19074902, -0.91464472, 0;
 5.1836333, -0.078405306, -4.3539581, 1]
648 67.1699600000 0.0000000000
[-0.93051428, 0.085186526, 0.35621125, 0;
 0.14898323, 0.97651225, 0.15565294, 0;
 -0.3345851, 0.19790679, -0.92134994, 0;
 5.2779131, -0.099970147, -4.2391858, 1]
651 67.4808000000 0.0000000000
[-0.93824726, 0.088000476, 0.33458635, 0;
 0.14863402, 0.9758395, 0.16014138, 0;
 -0.31241006, 0.19998312, -0.92865855, 0;
 5.374723, -0.11366628, -4.1158586, 1]
653 67.6879100000 0.0000000000
[-0.94355351, 0.091682144, 0.3182784, 0;
 0.14976846, 0.97517735, 0.16309059, 0;
 -0.29542542, 0.20155276, -0.9338631, 0;
 5.4449468, -0.13401653, -4.0221839, 1]
655 67.8951400000 0.0000000000
[-0.94838136, 0.09463264, 0.30268368, 0;
 0.15039966, 0.97449219, 0.16656819, 0;
 -0.27920011, 0.20349368, -0.93842292, 0;
 5.5104671, -0.14888223, -3.9317186, 1]
657 68.1022600000 0.0000000000
[-0.95307225, 0.099849068, 0.28580308, 0;
 0.15188672, 0.97434139, 0.16610014, 0;
 -0.26188484, 0.20171513, -0.94378352, 0;
 5.5774446, -0.18620634, -3.8347976, 1]
659 68.3095000000 0.0000000000
[-0.95787877, 0.10359468, 0.2678366, 0;
 0.15150526, 0.97460896, 0.16487427, 0;
 -0.24395585, 0.1985082, -0.94925237, 0;
 5.6464152, -0.21708685, -3.7311478, 1]
661 68.5166000000 0.0000000000
[-0.96210134, 0.10712265, 0.25077039, 0;
 0.1512543, 0.97481495, 0.16388378, 0;
 -0.22689907, 0.19560289, -0.95407355, 0;
 5.7097826, -0.24592857, -3.6319036, 1]
663 68.7237000000 0.0000000000
[-0.96659195, 0.11191962, 0.23059498, 0;
 0.15116267, 0.9754411, 0.16020133, 0;
 -0.20700215, 0.18970667, -0.95977157, 0;
 5.7809095, -0.2892656, -3.5145984, 1]
665 68.9309200000 0.0000000000
[-0.9702034, 0.11705851, 0.21213843, 0;
 0.15336375, 0.9745236, 0.16365612, 0;
 -0.18757658, 0.19131406, -0.96343863, 0;
 5.8454466, -0.31892505, -3.4038289, 1]
666 69.0344200000 0.0000000000
[-0.97199875, 0.11799068, 0.20321564, 0;
 0.15271731, 0.97445339, 0.16467541, 0;
 -0.17859401, 0.19109884, -0.96518672, 0;
 5.8760495, -0.32537752, -3.3502471, 1]
668 69.2416400000 0.0000000000
[-0.97563505, 0.12055448, 0.18331093, 0;
 0.1510291, 0.97507048, 0.16256626, 0;
 -0.15914299, 0.18629062, -0.96952015, 0;
 5.9406924, -0.35204709, -3.2317295, 1]
669 69.3452500000 0.0000000000
[-0.97701406, 0.12394539, 0.17343882, 0;
 0.15246651, 0.97491336, 0.16216613, 0;
 -0.14898808, 0.18488221, -0.97140163, 0;
 5.9711657, -0.3768442, -3.1723552, 1]
671 69.5525300000 0.0000000000
[-0.97993487, 0.12617648, 0.15429582, 0;
 0.15140791, 0.97468019, 0.16454227, 0;
 -0.12962772, 0.18460231, -0.97422719, 0;
 6.0310316, -0.39178637, -3.0553842, 1]
672 69.6561000000 0.0000000000
[-0.98123336, 0.1243431, 0.14737675, 0;
 0.14871754, 0.97451222, 0.16795544, 0;
 -0.12273633, 0.186721, -0.97471589, 0;
 6.0539398, -0.37550038, -3.0119226, 1]
674 69.8633300000 0.0000000000
[-0.98260552, 0.12868939, 0.13388605, 0;
 0.15060663, 0.9740237, 0.16910192, 0;
 -0.10864656, 0.18632461, -0.97646254, 0;
 6.0927377, -0.40430185, -2.9290147, 1]
676 70.0704600000 0.0000000000
[-0.98475224, 0.13060537, 0.11491425, 0;
 0.149196, 0.97376972, 0.17179359, 0;
 -0.089462854, 0.18631887, -0.97840774, 0;
 6.1472392, -0.41663486, -2.8112555, 1]
678 70.2776800000 0.0000000000
[-0.9864049, 0.13063966, 0.099692851, 0;
 0.1467244, 0.97334677, 0.17626107, 0;
 -0.074009031, 0.18849215, -0.97928208, 0;
 6.1906133, -0.41224244, -2.7152705, 1]
680 70.4850500000 0.0000000000
[-0.9871574, 0.13218734, 0.089703538, 0;
 0.1464844, 0.97304165, 0.1781354, 0;
 -0.063738033, 0.18898785, -0.9799087, 0;
 6.2172589, -0.42114508, -2.6524165, 1]
686 71.1072000000 0.0000000000
[-0.98702574, 0.13254519, 0.090620041, 0;
 0.14666307, 0.97396272, 0.17287734, 0;
 -0.065346487, 0.18392499, -0.98076576, 0;
 6.2130084, -0.43416631, -2.660356, 1]
690 71.5218000000 0.0000000000
[-0.98737621, 0.13168053, 0.088025153, 0;
 0.14559144, 0.97338992, 0.17696099, 0;
 -0.062380478, 0.18754278, -0.9802736, 0;
 6.2215323, -0.42093864, -2.6425152, 1]
692 71.7291500000 0.0000000000
[-0.98754871, 0.13316233, 0.08375749, 0;
 0.14625175, 0.97328103, 0.1770153, 0;
 -0.057947811, 0.18706092, -0.98063767, 0;
 6.2320762, -0.43149456, -2.6158452, 1]
693 71.8329000000 0.0000000000
[-0.98747832, 0.13378431, 0.083595984, 0;
 0.14687279, 0.97306836, 0.17766908, 0;
 -0.057575271, 0.18772234, -0.98053324, 0;
 6.2324333, -0.43409571, -2.6145692, 1]
697 72.2476000000 0.0000000000
[-0.98742074, 0.13524118, 0.081915103, 0;
 0.14785385, 0.97335786, 0.17525335, 0;
 -0.056031235, 0.18516026, -0.98110968, 0;
 6.2353721, -0.44889626, -2.605063, 1]
702 72.7660600000 0.0000000000
[-0.98775387, 0.13362736, 0.080535963, 0;
 0.14593723, 0.97386897, 0.17401586, 0;
 -0.055178199, 0.18363805, -0.98144406, 0;
 6.239275, -0.44173458, -2.5969527, 1]
704 72.9734200000 0.0000000000
[-0.98780113, 0.1316191, 0.083218619, 0;
 0.14424998, 0.97472191, 0.17061412, 0;
 -0.058658931, 0.18053712, -0.98181742, 0;
 6.2321391, -0.43537945, -2.6151004, 1]
710 73.5953600000 0.0000000000
[-0.98699194, 0.13116339, 0.092968151, 0;
 0.14545946, 0.97483677, 0.1689226, 0;
 -0.068472311, 0.18024835, -0.98123497, 0;
 6.2061281, -0.43305892, -2.6766288, 1]
712 73.8027200000 0.0000000000
[-0.98624545, 0.1320475, 0.099415213, 0;
 0.14732878, 0.97495729, 0.16659082, 0;
 -0.07492768, 0.17894617, -0.98100156, 0;
 6.1876698, -0.44150665, -2.7176657, 1]
715 74.1136800000 0.0000000000
[-0.98566818, 0.13099673, 0.10629261, 0;
 0.14774004, 0.97446895, 0.16906545, 0;
 -0.081431836, 0.18234609, -0.97985649, 0;
 6.1701555, -0.42754266, -2.7594004, 1]
717 74.3210400000 0.0000000000
[-0.98515767, 0.1317925, 0.10997749, 0;
 0.14919597, 0.9742676, 0.1689472, 0;
 -0.084881537, 0.18284784, -0.97947013, 0;
 6.1595874, -0.43160054, -2.7822869, 1]
721 74.7357800000 0.0000000000
[-0.9841817, 0.13054076, 0.11977281, 0;
 0.14957154, 0.97457111, 0.16685182, 0;
 -0.094946153, 0.1821271, -0.97868019, 0;
 6.1319451, -0.42507207, -2.8436718, 1]
723 74.9429800000 0.0000000000
[-0.98378259, 0.12987554, 0.12371001, 0;
 0.14959979, 0.97463405, 0.16645816, 0;
 -0.09895315, 0.18226564, -0.97825736, 0;
 6.1208692, -0.42049801, -2.8681107, 1]
725 75.1503400000 0.0000000000
[-0.98329455, 0.12899694, 0.12841964, 0;
 0.14951734, 0.97478014, 0.1656751, 0;
 -0.10380933, 0.1821084, -0.97778326, 0;
 6.1074138, -0.41517791, -2.8974199, 1]
727 75.3577000000 0.0000000000
[-0.9826321, 0.12914701, 0.13324867, 0;
 0.15057573, 0.97459328, 0.16581582, 0;
 -0.10844865, 0.18299995, -0.97711307, 0;
 6.0933294, -0.41425559, -2.9270537, 1]
729 75.5650500000 0.0000000000
[-0.98252094, 0.12747359, 0.13565807, 0;
 0.14962208, 0.97435039, 0.16809081, 0;
 -0.11075135, 0.18545018, -0.97639251, 0;
 6.0876966, -0.39829692, -2.9409592, 1]
755 78.2591900000 0.0000000000
[-0.97308153, 0.12677599, 0.19245814, 0;
 0.15975046, 0.97296345, 0.16679899, 0;
 -0.16610862, 0.1930543, -0.96702534, 0;
 5.909708, -0.37769899, -3.286458, 1]
758 78.5700500000 0.0000000000
[-0.97291893, 0.12280814, 0.19582376, 0;
 0.15689974, 0.97298938, 0.16933437, 0;
 -0.1697388, 0.19547331, -0.96590835, 0;
 5.9008708, -0.34704399, -3.3056669, 1]
770 79.8137900000 0.0000000000
[-0.97186214, 0.12319307, 0.20076713, 0;
 0.15824911, 0.97280878, 0.16911641, 0;
 -0.17447405, 0.19612905, -0.96493119, 0;
 5.8840508, -0.34813142, -3.3354225, 1]
772 80.0210400000 0.0000000000
[-0.97231197, 0.12088723, 0.19998915, 0;
 0.15604798, 0.97290784, 0.1705852, 0;
 -0.17394944, 0.19706994, -0.96483421, 0;
 5.8879938, -0.33130187, -3.3301768, 1]
775 80.3319900000 0.0000000000
[-0.97323537, 0.11908364, 0.19655029, 0;
 0.15402266, 0.97275138, 0.17329675, 0;
 -0.17055777, 0.19893172, -0.96505761, 0;
 5.9010749, -0.31575355, -3.3084671, 1]
798 82.7158900000 0.0000000000
[-0.97428089, 0.12120125, 0.18996575, 0;
 0.15464561, 0.97279912, 0.17247212, 0;
 -0.16389468, 0.19741365, -0.96652281, 0;
 5.9219551, -0.33259362, -3.2693195, 1]
804 83.3378600000 0.0000000000
[-0.97031569, 0.12130861, 0.20921679, 0;
 0.15896848, 0.97187304, 0.17375775, 0;
 -0.18225385, 0.20185874, -0.96230793, 0;
 5.8575859, -0.32387054, -3.3841519, 1]
806 83.5452300000 0.0000000000
[-0.96885437, 0.12617584, 0.21307486, 0;
 0.16292092, 0.97278649, 0.16475193, 0;
 -0.18648863, 0.19433498, -0.96304512, 0;
 5.8393078, -0.37112364, -3.4107897, 1]
809 83.8562900000 0.0000000000
[-0.96582156, 0.12537941, 0.22686712, 0;
 0.16627209, 0.97111064, 0.17116584, 0;
 -0.1988524, 0.20303734, -0.9587667, 0;
 5.7936411, -0.34756812, -3.4902279, 1]
815 84.4784300000 0.0000000000
[-0.96291941, 0.12253061, 0.24035896, 0;
 0.16642511, 0.97098339, 0.17173809, 0;
 -0.2123414, 0.20537171, -0.9553709, 0;
 5.7463346, -0.32429349, -3.5697815, 1]
818 84.7894100000 0.0000000000
[-0.9626708, 0.11845556, 0.24337871, 0;
 0.16267473, 0.97184724, 0.17044014, 0;
 -0.21633735, 0.20366931, -0.95483869, 0;
 5.7361422, -0.30167758, -3.5881159, 1]
824 85.4114400000 0.0000000000
[-0.9612025, 0.11990327, 0.24842083, 0;
 0.16510852, 0.97152656, 0.16992745, 0;
 -0.22097258, 0.2043511, -0.95363081, 0;
 5.7169237, -0.30954859, -3.6180067, 1]
827 85.7230900000 0.0000000000
[-0.95927376, 0.12050709, 0.25548369, 0;
 0.16770466, 0.97075218, 0.17180024, 0;
 -0.22730818, 0.20764926, -0.95142668, 0;
 5.6911368, -0.3064492, -3.6587014, 1]
830 86.0336900000 0.0000000000
[-0.95851296, 0.11974882, 0.25867566, 0;
 0.16780293, 0.97061843, 0.17245872, 0;
 -0.23042363, 0.20871046, -0.95044458, 0;
 5.6796308, -0.2993229, -3.6771324, 1]
848 87.9001200000 0.0000000000
[-0.94797355, 0.12726554, 0.29180402, 0;
 0.18232222, 0.96844268, 0.16993345, 0;
 -0.26096877, 0.21429478, -0.94126141, 0;
 5.5473905, -0.33586523, -3.8707952, 1]
851 88.2116000000 0.0000000000
[-0.94868916, 0.12183828, 0.29179502, 0;
 0.17624974, 0.96989459, 0.16804925, 0;
 -0.26253557, 0.21085529, -0.94160241, 0;
 5.548492, -0.30822575, -3.8715224, 1]
862 89.3519100000 0.0000000000
[-0.94836748, 0.12529367, 0.29137704, 0;
 0.18181634, 0.96750081, 0.17574131, 0;
 -0.25988823, 0.21964446, -0.94032675, 0;
 5.5522017, -0.31184906, -3.865932, 1]
868 89.9739800000 0.0000000000
[-0.94741821, 0.14316167, 0.28618789, 0;
 0.19835502, 0.96453387, 0.17415443, 0;
 -0.25110567, 0.22176388, -0.94221371, 0;
 5.565218, -0.42234167, -3.8366256, 1]
873 90.4924300000 0.0000000000
[-0.94816351, 0.15601523, 0.27684879, 0;
 0.20969227, 0.96176571, 0.17616999, 0;
 -0.23877849, 0.22509101, -0.94462633, 0;
 5.5965123, -0.49801576, -3.781642, 1]
876 90.8035300000 0.0000000000
[-0.9522891, 0.15878884, 0.26063681, 0;
 0.20972182, 0.9608894, 0.18085428, 0;
 -0.22172551, 0.22688678, -0.94834602, 0;
 5.6592627, -0.51206398, -3.6851547, 1]
879 91.1146500000 0.0000000000
[-0.95888698, 0.15767089, 0.23595692, 0;
 0.20343043, 0.96161896, 0.18413307, 0;
 -0.19786824, 0.22456361, -0.95415896, 0;
 5.752183, -0.50978738, -3.5386956, 1]
881 91.3221300000 0.0000000000
[-0.96474969, 0.15955929, 0.2092817, 0;
 0.19970079, 0.96178865, 0.18730237, 0;
 -0.17139892, 0.22249362, -0.95974946, 0;
 5.8459969, -0.52632338, -3.3789327, 1]
898 93.0854500000 0.0000000000
[-0.97370028, 0.18463463, -0.13348341, 0;
 0.14653635, 0.9561401, 0.25362018, 0;
 0.1744559, 0.22738986, -0.9580496, 0;
 6.6365905, -0.67734456, -1.1691295, 1]
900 93.2929300000 0.0000000000
[-0.96529573, 0.18760131, -0.18168627, 0;
 0.13794002, 0.95698106, 0.25526419, 0;
 0.22175822, 0.22134362, -0.94964749, 0;
 6.6827593, -0.70924109, -0.84124541, 1]
904 93.7076700000 0.0000000000
[-0.94121045, 0.19065805, -0.27887705, 0;
 0.11680463, 0.95826864, 0.26091745, 0;
 0.31698513, 0.2130041, -0.9242022, 0;
 6.7295141, -0.74657536, -0.16201031, 1]
908 94.1224800000 0.0000000000
[-0.9071821, 0.19211209, -0.3743175, 0;
 0.091630392, 0.9585256, 0.26987496, 0;
 0.41063914, 0.21052688, -0.8871606, 0;
 6.708869, -0.76117998, 0.53069216, 1]
910 94.3298300000 0.0000000000
[-0.88629502, 0.18690759, -0.42372948, 0;
 0.068160124, 0.95762354, 0.27984157, 0;
 0.45807788, 0.21914075, -0.86147666, 0;
 6.6746311, -0.70943993, 0.90329129, 1]
918 95.1593700000 0.0000000000
[-0.77712637, 0.18945159, -0.60015219, 0;
 0.015581003, 0.95911413, 0.28259045, 0;
 0.6291517, 0.21025752, -0.74830472, 0;
 6.3344102, -0.74462497, 2.2782996, 1]
932 96.6109100000 0.0000000000
[-0.49172029, 0.18974571, -0.84982806, 0;
 -0.079682209, 0.96206862, 0.26091132, 0;
 0.8670997, 0.19601156, -0.45794931, 0;
 5.0016346, -0.77668852, 4.5000129, 1]
935 96.9218400000 0.0000000000
[-0.41407418, 0.18695261, -0.89083743, 0;
 -0.098575167, 0.96371478, 0.24806595, 0;
 0.90488976, 0.19053216, -0.38062054, 0;
 4.5820193, -0.77031696, 4.9276133, 1]
936 97.0255800000 0.0000000000
[-0.38853592, 0.18700127, -0.90225846, 0;
 -0.1047183, 0.96388465, 0.24486828, 0;
 0.91546375, 0.1896231, -0.35492137, 0;
 4.4400668, -0.77255595, 5.055552, 1]
944 97.8552500000 0.0000000000
[-0.15995519, 0.184343, -0.96975875, 0;
 -0.15442488, 0.96563911, 0.20903124, 0;
 0.9749704, 0.18319051, -0.12599185, 0;
 3.0950429, -0.76907271, 5.9748387, 1]
946 98.0627400000 0.0000000000
[-0.10083713, 0.18227486, -0.97806329, 0;
 -0.16437738, 0.96651119, 0.19706909, 0;
 0.98122984, 0.18064336, -0.067498349, 0;
 2.7278678, -0.76115787, 6.1521368, 1]
948 98.2701100000 0.0000000000
[-0.042329121, 0.17976668, -0.98279816, 0;
 -0.17415333, 0.96729296, 0.18443136, 0;
 0.98380834, 0.17896439, -0.0096376957, 0;
 2.3568032, -0.74857152, 6.3051152, 1]
953 98.7884200000 0.0000000000
[0.10598939, 0.17441547, -0.97895122, 0;
 -0.1938633, 0.96922952, 0.15169415, 0;
 0.97528625, 0.17370474, 0.1365408, 0;
 1.3843113, -0.72527397, 6.5899076, 1]
956 99.0995100000 0.0000000000
[0.19062735, 0.17112142, -0.96663266, 0;
 -0.20312059, 0.97025543, 0.13170582, 0;
 0.96041828, 0.17123626, 0.21971551, 0;
 0.80816656, -0.7093038, 6.68677, 1]
957 99.2031300000 0.0000000000
[0.21809696, 0.17257775, -0.96054703, 0;
 -0.20697014, 0.9700315, 0.12728819, 0;
 0.95372802, 0.1710434, 0.24727935, 0;
 0.61719179, -0.71908528, 6.7060494, 1]
964 99.9286900000 0.0000000000
[0.39023456, 0.16357368, -0.9060688, 0;
 -0.21750714, 0.97261578, 0.081909388, 0;
 0.89465505, 0.16511256, 0.41512674, 0;
 -0.61558193, -0.67370367, 6.7108927, 1]
965 100.0324000000 0.0000000000
[0.41205886, 0.16471776, -0.89614481, 0;
 -0.21884593, 0.97262502, 0.07814721, 0;
 0.88448513, 0.16391639, 0.43682656, 0;
 -0.77757049, -0.68360144, 6.6930518, 1]
967 100.2398000000 0.0000000000
[0.45312387, 0.16273992, -0.87646705, 0;
 -0.22194479, 0.97283047, 0.065889373, 0;
 0.86337668, 0.16467126, 0.47693196, 0;
 -1.0865774, -0.6692729, 6.6513329, 1]
969 100.4471000000 0.0000000000
[0.48934454, 0.16134273, -0.85703582, 0;
 -0.22268237, 0.97327673, 0.056080174, 0;
 0.84318113, 0.16340424, 0.51219583, 0;
 -1.3624247, -0.66296601, 6.6009865, 1]
970 100.5508000000 0.0000000000
[0.5055632, 0.16033711, -0.8477605, 0;
 -0.22171633, 0.97372693, 0.051940318, 0;
 0.83381516, 0.16170323, 0.52782983, 0;
 -1.4865907, -0.66009891, 6.5744228, 1]
972 100.7580000000 0.0000000000
[0.53376245, 0.15706713, -0.83091968, 0;
 -0.21999632, 0.97455698, 0.042898357, 0;
 0.81651652, 0.15990174, 0.55473614, 0;
 -1.7046305, -0.64287251, 6.523006, 1]
973 100.8616000000 0.0000000000
[0.54619545, 0.15396376, -0.82338673, 0;
 -0.2178237, 0.97525328, 0.0378672, 0;
 0.80884075, 0.15867025, 0.56621581, 0;
 -1.800827, -0.62551081, 6.4987988, 1]
977 101.2762000000 0.0000000000
[0.58835429, 0.14889559, -0.79477626, 0;
 -0.21433531, 0.97645867, 0.024265066, 0;
 0.77967918, 0.15607217, 0.60641724, 0;
 -2.1337845, -0.59840155, 6.3997951, 1]
978 101.3798000000 0.0000000000
[0.59679812, 0.14844193, -0.78854102, 0;
 -0.21523561, 0.97633857, 0.020896025, 0;
 0.77298486, 0.1572514, 0.614627, 0;
 -2.2023299, -0.59298295, 6.3770351, 1]
979 101.4834000000 0.0000000000
[0.60468352, 0.14881507, -0.78243971, 0;
 -0.21547981, 0.97632027, 0.019163221, 0;
 0.76676351, 0.15701228, 0.6224314, 0;
 -2.2662604, -0.59589082, 6.3543224, 1]
981 101.6906000000 0.0000000000
[0.6160453, 0.14968622, -0.77335775, 0;
 -0.21427304, 0.97660166, 0.018338088, 0;
 0.75800741, 0.15441263, 0.6337046, 0;
 -2.3578901, -0.60700649, 6.3198318, 1]
983 101.8979000000 0.0000000000
[0.62452537, 0.14894669, -0.76667005, 0;
 -0.21311255, 0.97689354, 0.016188018, 0;
 0.75136614, 0.15327717, 0.64183718, 0;
 -2.426497, -0.60465389, 6.2940307, 1]
985 102.1052000000 0.0000000000
[0.63171464, 0.1511748, -0.76031756, 0;
 -0.21507867, 0.97647446, 0.015454032, 0;
 0.74476689, 0.15376554, 0.64936769, 0;
 -2.4868026, -0.617957, 6.2691469, 1]
987 102.3126000000 0.0000000000
[0.6376791, 0.15119179, -0.75531876, 0;
 -0.2147914, 0.97655761, 0.014139069, 0;
 0.73974997, 0.15321977, 0.65520507, 0;
 -2.5358062, -0.61922312, 6.2493553, 1]
989 102.5200000000 0.0000000000
[0.64180988, 0.1505399, -0.75194269, 0;
 -0.21436073, 0.97667372, 0.012566843, 0;
 0.73629451, 0.15312146, 0.6591087, 0;
 -2.5696976, -0.61523634, 6.2358856, 1]
991 102.7273000000 0.0000000000
[0.6449334, 0.14937484, -0.74949855, 0;
 -0.21386205, 0.97680581, 0.010651697, 0;
 0.73370564, 0.15341966, 0.66192031, 0;
 -2.595269, -0.6071068, 6.2260795, 1]
993 102.9347000000 0.0000000000
[0.64697123, 0.14917861, -0.74777937, 0;
 -0.21403241, 0.97677857, 0.0096842106, 0;
 0.73185951, 0.15378362, 0.66387671, 0;
 -2.6122997, -0.60507256, 6.2191463, 1]
995 103.1420000000 0.0000000000
[0.64877856, 0.14958972, -0.74612951, 0;
 -0.21309473, 0.97697425, 0.010579939, 0;
 0.73053199, 0.15213223, 0.66571677, 0;
 -2.6267154, -0.61121798, 6.2124643, 1]
997 103.3494000000 0.0000000000
[0.65030128, 0.15116002, -0.74448568, 0;
 -0.21367548, 0.97683471, 0.011692523, 0;
 0.72900689, 0.15147467, 0.66753602, 0;
 -2.6397631, -0.62271684, 6.2057834, 1]
999 103.5567000000 0.0000000000
[0.65198499, 0.15078881, -0.74308699, 0;
 -0.21396378, 0.97678536, 0.010479432, 0;
 0.72741669, 0.15216127, 0.66911274, 0;
 -2.6539767, -0.61887282, 6.200098, 1]
1002 103.8677000000 0.0000000000
[0.65460587, 0.15274011, -0.74037939, 0;
 -0.21506967, 0.97653329, 0.011304919, 0;
 0.7247318, 0.15183288, 0.67209417, 0;
 -2.6765647, -0.63212585, 6.189033, 1]
1004 104.0751000000 0.0000000000
[0.65611655, 0.15234508, -0.73912245, 0;
 -0.21672499, 0.97619283, 0.0088230418, 0;
 0.72287017, 0.15439737, 0.67351329, 0;
 -2.6902804, -0.62414843, 6.1838889, 1]
1008 104.4898000000 0.0000000000
[0.66146308, 0.14888203, -0.73505151, 0;
 -0.21644948, 0.97628933, 0.0029638822, 0;
 0.71806425, 0.15714103, 0.67800474, 0;
 -2.7348621, -0.59604794, 6.1670728, 1]
1010 104.6973000000 0.0000000000
[0.6678412, 0.15044245, -0.72894114, 0;
 -0.21709296, 0.97614759, 0.0025659367, 0;
 0.71194017, 0.15653436, 0.68457156, 0;
 -2.7889037, -0.6073752, 6.1417084, 1]
1013 105.0084000000 0.0000000000
[0.68460095, 0.15153939, -0.71299183, 0;
 -0.21947201, 0.97561294, -0.0033758555, 0;
 0.6950925, 0.15879287, 0.70116419, 0;
 -2.9325323, -0.60964781, 6.0742049, 1]
1016 105.3194000000 0.0000000000
[0.70978558, 0.15253986, -0.68770343, 0;
 -0.22003408, 0.97543311, -0.010738035, 0;
 0.66917068, 0.15893988, 0.72591233, 0;
 -3.1495605, -0.61577451, 5.9639235, 1]
1018 105.5269000000 0.0000000000
[0.73139679, 0.15246902, -0.66468936, 0;
 -0.22042675, 0.9752214, -0.018848462, 0;
 0.64534551, 0.16030103, 0.74688202, 0;
 -3.3391504, -0.61243391, 5.8602252, 1]
1034 107.1869000000 0.0000000000
[0.94630736, 0.12806329, -0.29682004, 0;
 -0.16984233, 0.97820699, -0.11943481, 0;
 0.27505624, 0.16343465, 0.94743508, 0;
 -5.5061946, -0.44874364, 3.9175675, 1]
1037 107.4980000000 0.0000000000
[0.97293323, 0.12310598, -0.19556539, 0;
 -0.15251233, 0.97787416, -0.14318562, 0;
 0.17361133, 0.16913618, 0.97018147, 0;
 -5.8923774, -0.40476459, 3.3140445, 1]
1041 107.9128000000 0.0000000000
[0.99131733, 0.1198021, -0.054197308, 0;
 -0.12721124, 0.97809964, -0.1647374, 0;
 0.033274479, 0.17020155, 0.98484731, 0;
 -6.3079295, -0.38124874, 2.4354579, 1]
1043 108.1202000000 0.0000000000
[0.99283099, 0.118273, 0.0172676, 0;
 -0.11332301, 0.97736281, -0.17866117, 0;
 -0.038007502, 0.17542352, 0.98375911, 0;
 -6.4686565, -0.36034593, 1.9731692, 1]
1045 108.3276000000 0.0000000000
[0.9894532, 0.11625536, 0.086412147, 0;
 -0.09800265, 0.97655779, -0.19165176, 0;
 -0.106667, 0.18116184, 0.97765154, 0;
 -6.5923176, -0.33520678, 1.5151687, 1]
1053 109.1569000000 0.0000000000
[0.93222564, 0.10565158, 0.34611145, 0;
 -0.026798623, 0.97396135, -0.22512458, 0;
 -0.36088395, 0.20059159, 0.91078305, 0;
 -6.7621732, -0.22582497, -0.29789212, 1]
1056 109.4679000000 0.0000000000
[0.89774925, 0.10329944, 0.42822364, 0;
 0.00076622376, 0.97174811, -0.23601902, 0;
 -0.44050613, 0.21221401, 0.872307, 0;
 -6.7087774, -0.18607835, -0.90797096, 1]
1057 109.5716000000 0.0000000000
[0.88341868, 0.10510601, 0.45664445, 0;
 0.0065513533, 0.97165322, -0.23631993, 0;
 -0.4685387, 0.21176107, 0.85768801, 0;
 -6.6759896, -0.19866069, -1.1217989, 1]
1058 109.6753000000 0.0000000000
[0.86783195, 0.10417978, 0.48581305, 0;
 0.013404736, 0.97250551, -0.23249368, 0;
 -0.49667701, 0.20827764, 0.84257483, 0;
 -6.6353178, -0.20007791, -1.341367, 1]
1059 109.7791000000 0.0000000000
[0.85037446, 0.10599878, 0.51539069, 0;
 0.018427316, 0.97289848, -0.23049733, 0;
 -0.52585524, 0.20550631, 0.82537472, 0;
 -6.5848761, -0.21765009, -1.5680503, 1]
1062 110.0901000000 0.0000000000
[0.79182959, 0.12402899, 0.59801567, 0;
 0.038680457, 0.96701229, -0.25177583, 0;
 -0.60951596, 0.22249506, 0.76091146, 0;
 -6.3854823, -0.29768658, -2.2369106, 1]
1068 110.7125000000 0.0000000000
[0.66144431, 0.12032972, 0.74027848, 0;
 0.09269207, 0.96636236, -0.23989993, 0;
 -0.74424434, 0.22729838, 0.62804127, 0;
 -5.8315907, -0.26371428, -3.4336364, 1]
1069 110.8162000000 0.0000000000
[0.63738722, 0.12227566, 0.76077998, 0;
 0.10034127, 0.9657504, -0.23928601, 0;
 -0.76398242, 0.22885548, 0.6032877, 0;
 -5.7185845, -0.27293858, -3.6180327, 1]
1070 110.9200000000 0.0000000000
[0.61192334, 0.12490056, 0.78099275, 0;
 0.10587357, 0.96562946, -0.23738271, 0;
 -0.78379881, 0.2279465, 0.57766753, 0;
 -5.5967579, -0.29175276, -3.8023765, 1]
1075 111.4384000000 0.0000000000
[0.47356668, 0.13155261, 0.87087798, 0;
 0.13806771, 0.96546966, -0.22091995, 0;
 -0.86986887, 0.22486046, 0.43905109, 0;
 -4.8888803, -0.34108943, -4.6743422, 1]
1076 111.5420000000 0.0000000000
[0.44997305, 0.13188897, 0.8832494, 0;
 0.14280552, 0.96568066, -0.21695033, 0;
 -0.88155025, 0.2237547, 0.41569579, 0;
 -4.7618265, -0.34559479, -4.8033891, 1]
1078 111.7494000000 0.0000000000
[0.41548008, 0.12943298, 0.90034628, 0;
 0.14846352, 0.96690094, -0.20751183, 0;
 -0.89740455, 0.21988562, 0.382512, 0;
 -4.5735192, -0.33798257, -4.9835453, 1]
1082 112.1638000000 0.0000000000
[0.35814664, 0.13042976, 0.92451018, 0;
 0.16253816, 0.96636468, -0.19930036, 0;
 -0.91940868, 0.22164693, 0.32490045, 0;
 -4.2511506, -0.34066668, -5.2610636, 1]
1089 112.8898000000 0.0000000000
[0.28390023, 0.1232742, 0.9508965, 0;
 0.17356518, 0.96871209, -0.17740354, 0;
 -0.9430142, 0.21540743, 0.25362149, 0;
 -3.8235013, -0.30783406, -5.5815105, 1]
1091 113.0960000000 0.0000000000
[0.27520803, 0.12320687, 0.95345718, 0;
 0.17019868, 0.96984494, -0.17445104, 0;
 -0.94619924, 0.21028748, 0.24593946, 0;
 -3.7744622, -0.31824231, -5.6142087, 1]
1093 113.3032000000 0.0000000000
[0.27620828, 0.11854709, 0.95375866, 0;
 0.16225494, 0.97236824, -0.16784917, 0;
 -0.94730264, 0.20111339, 0.24934131, 0;
 -3.7834651, -0.30768704, -5.6087399, 1]
1095 113.5105000000 0.0000000000
[0.27890417, 0.1141369, 0.95351207, 0;
 0.15927114, 0.97366285, -0.16313611, 0;
 -0.9470191, 0.19736628, 0.25337991, 0;
 -3.8002861, -0.28724623, -5.5984468, 1]
1097 113.7179000000 0.0000000000
[0.27867556, 0.11378348, 0.95362115, 0;
 0.15686019, 0.97423017, -0.16208155, 0;
 -0.94748867, 0.19475335, 0.25364605, 0;
 -3.7998822, -0.29050586, -5.5985589, 1]
1099 113.9252000000 0.0000000000
[0.2663686, 0.114524, 0.95704335, 0;
 0.15770234, 0.97435796, -0.16048837, 0;
 -0.95088261, 0.19367704, 0.24147767, 0;
 -3.7279198, -0.29755017, -5.646368, 1]
