0 1464106955.9439501762 0.0000000000
[0.99999976, 0.00022803937, 0.00066252879, 0;
 -0.00022807826, 1, 5.8638245e-05, 0;
 -0.00066251541, -5.8789341e-05, 0.99999976, 0;
 -0.0013345204, 0.00043564846, -0.0023361414, 1]
141 1464106961.7045285702 0.0000000000
[0.97131538, -0.20643851, 0.11802363, 0;
 0.21039782, 0.97736835, -0.021997111, 0;
 -0.11081151, 0.046198048, 0.9927671, 0;
 0.48511341, 0.3307513, 1.0166125, 1]
146 1464106961.9045822620 0.0000000000
[0.96272534, -0.2441389, 0.11643089, 0;
 0.25051808, 0.967134, -0.043502666, 0;
 -0.10198358, 0.071049161, 0.99224561, 0;
 0.50713074, 0.28210968, 0.99451631, 1]
152 1464106962.1446332932 0.0000000000
[0.96093166, -0.2593421, 0.09670563, 0;
 0.26532906, 0.96258461, -0.055057712, 0;
 -0.078808568, 0.078565508, 0.99378908, 0;
 0.55215168, 0.13952678, 0.90564907, 1]
388 1464106971.5885238647 0.0000000000
[0.93130982, -0.22605224, 0.2855913, 0;
 0.22628069, 0.97351444, 0.032660969, 0;
 -0.28541034, 0.03420632, 0.95779479, 0;
 -0.4909763, -0.48474967, 1.4640659, 1]
391 1464106971.7056593895 0.0000000000
[0.91159928, -0.24440739, 0.33053252, 0;
 0.24345738, 0.96886867, 0.044967048, 0;
 -0.33123288, 0.039478652, 0.9427228, 0;
 -0.7180227, -0.5012449, 1.4523486, 1]
406 1464106972.3056862354 0.0000000000
[0.88726413, -0.21625976, 0.4074237, 0;
 0.22567156, 0.97387034, 0.025473915, 0;
 -0.40228686, 0.069341853, 0.91288388, 0;
 -1.6223027, -0.48883039, 1.3434545, 1]
410 1464106972.4657232761 0.0000000000
[0.8804661, -0.22585639, 0.41685528, 0;
 0.24203371, 0.97016054, 0.014428257, 0;
 -0.40767527, 0.088189431, 0.90885836, 0;
 -1.8652307, -0.45601434, 1.30431, 1]
413 1464106972.5856976509 0.0000000000
[0.8833344, -0.21918294, 0.4143419, 0;
 0.23401803, 0.97211128, 0.015335257, 0;
 -0.40614766, 0.083417319, 0.9099921, 0;
 -2.0165625, -0.4778488, 1.2679076, 1]
417 1464106972.7457144260 0.0000000000
[0.8804003, -0.21980686, 0.4202145, 0;
 0.23795258, 0.97123039, 0.0094941799, 0;
 -0.41021198, 0.091632448, 0.9073751, 0;
 -2.2638166, -0.45393711, 1.2181897, 1]
427 1464106973.1456758976 0.0000000000
[0.82759738, -0.26198423, 0.49643415, 0;
 0.25597236, 0.96323377, 0.081601962, 0;
 -0.49956056, 0.059539855, 0.86423045, 0;
 -2.89136, -0.41309863, 0.70875925, 1]
431 1464106973.3056411743 0.0000000000
[0.79173434, -0.2555584, 0.55483931, 0;
 0.24672326, 0.96468353, 0.092267603, 0;
 -0.55882412, 0.063840345, 0.82682526, 0;
 -3.1113877, -0.4030911, 0.32606173, 1]
434 1464106973.4258630276 0.0000000000
[0.77812487, -0.25306013, 0.57487583, 0;
 0.23583734, 0.96599293, 0.10601142, 0;
 -0.58215326, 0.053087071, 0.81134415, 0;
 -3.2275267, -0.41312572, 0.095001929, 1]
438 1464106973.5879282951 0.0000000000
[0.71951526, -0.29276195, 0.62975252, 0;
 0.26117399, 0.95430273, 0.14523935, 0;
 -0.64349514, 0.059973069, 0.76309717, 0;
 -3.3654969, -0.23906726, -0.36771721, 1]
442 1464106973.7458202839 0.0000000000
[0.63301706, -0.3319926, 0.69933563, 0;
 0.28702295, 0.93963957, 0.18626672, 0;
 -0.71896261, 0.082815357, 0.69009739, 0;
 -3.4321835, -0.026035974, -0.92766601, 1]
445 1464106973.8659327030 0.0000000000
[0.56962705, -0.34281081, 0.74699783, 0;
 0.30020502, 0.93284786, 0.19917788, 0;
 -0.76511568, 0.11079538, 0.63428891, 0;
 -3.4380431, 0.084623471, -1.3509539, 1]
449 1464106974.0256822109 0.0000000000
[0.4882918, -0.39026639, 0.78055316, 0;
 0.33221927, 0.91021365, 0.24726804, 0;
 -0.80697054, 0.13857585, 0.57410383, 0;
 -3.3919315, 0.35262293, -1.8517013, 1]
453 1464106974.1882052422 0.0000000000
[0.44866905, -0.41174936, 0.79319513, 0;
 0.3183448, 0.90295839, 0.28865671, 0;
 -0.83507645, 0.12299825, 0.53620774, 0;
 -3.362339, 0.45983037, -2.2160387, 1]
457 1464106974.3458969593 0.0000000000
[0.41678455, -0.43222821, 0.79966831, 0;
 0.30319276, 0.89544213, 0.32597175, 0;
 -0.85695088, 0.10659366, 0.50425488, 0;
 -3.303911, 0.57727903, -2.5261352, 1]
467 1464106974.7459199429 0.0000000000
[0.21555278, -0.47174513, 0.8549816, 0;
 0.28380489, 0.86803418, 0.40739587, 0;
 -0.9343403, 0.15483266, 0.32099077, 0;
 -2.6096029, 0.98692262, -3.6397197, 1]
471 1464106974.9064707756 0.0000000000
[0.1012838, -0.47354275, 0.87492794, 0;
 0.2696085, 0.85960531, 0.43403909, 0;
 -0.95762879, 0.19192687, 0.21473525, 0;
 -2.1149168, 1.1551081, -4.0986485, 1]
476 1464106975.1062862873 0.0000000000
[0.0096476516, -0.46552911, 0.88497996, 0;
 0.26291072, 0.85506421, 0.4469263, 0;
 -0.96477193, 0.22835895, 0.13064197, 0;
 -1.6675363, 1.2604682, -4.5126739, 1]
482 1464106975.3460011482 0.0000000000
[-0.017664758, -0.43767089, 0.89896172, 0;
 0.24518931, 0.86975217, 0.42826787, 0;
 -0.96931428, 0.22798106, 0.091948263, 0;
 -1.4877858, 1.171351, -4.9088902, 1]
487 1464106975.5460097790 0.0000000000
[-0.02561344, -0.44178623, 0.89675462, 0;
 0.24651897, 0.86655438, 0.43394923, 0;
 -0.96879941, 0.23218195, 0.086713247, 0;
 -1.451478, 1.3009615, -5.1421332, 1]
500 1464106976.0660104752 0.0000000000
[0.037517961, -0.40433383, 0.91384166, 0;
 0.21270593, 0.89676005, 0.38804331, 0;
 -0.97639573, 0.17982094, 0.11964881, 0;
 -1.8633221, 1.1374781, -5.7764812, 1]
505 1464106976.2660551071 0.0000000000
[0.066098146, -0.37159365, 0.92603952, 0;
 0.20107861, 0.91398984, 0.35240602, 0;
 -0.97734255, 0.16291335, 0.13513257, 0;
 -2.1221573, 0.99021238, -6.0063367, 1]
515 1464106976.6662096977 0.0000000000
[0.011422975, -0.31033969, 0.95055711, 0;
 0.25694913, 0.91960877, 0.29714781, 0;
 -0.96635741, 0.24085051, 0.090246178, 0;
 -2.1231415, 0.8153162, -6.6848402, 1]
528 1464106977.1886672974 0.0000000000
[0.1018616, -0.2952112, 0.94998664, 0;
 0.19924609, 0.9416579, 0.27125901, 0;
 -0.97464108, 0.16165024, 0.15473846, 0;
 -3.1037078, 0.57860178, -7.1757374, 1]
541 1464106977.7062861919 0.0000000000
[0.22919336, -0.28289738, 0.9313643, 0;
 0.18307266, 0.95228678, 0.24420132, 0;
 -0.95600986, 0.11453803, 0.27004859, 0;
 -4.4760675, 0.37666935, -7.3603706, 1]
550 1464106978.0662894249 0.0000000000
[0.42161879, -0.18809605, 0.88704985, 0;
 0.19419405, 0.97428232, 0.11429209, 0;
 -0.88573486, 0.12407211, 0.44730285, 0;
 -6.2460122, -0.414103, -6.6090665, 1]
559 1464106978.4266664982 0.0000000000
[0.66362107, -0.12465815, 0.73760921, 0;
 0.16142771, 0.98665005, 0.021511566, 0;
 -0.73044378, 0.10479505, 0.67488509, 0;
 -8.1803579, -1.1160389, -4.7291574, 1]
566 1464106978.7069740295 0.0000000000
[0.76254451, -0.10988888, 0.63753456, 0;
 0.13545649, 0.99074465, 0.008752808, 0;
 -0.63259578, 0.079683788, 0.77037203, 0;
 -9.062789, -1.3901742, -3.7145617, 1]
575 1464106979.0662322044 0.0000000000
[0.83554447, -0.056218024, 0.54653907, 0;
 0.13914688, 0.98397303, -0.11151333, 0;
 -0.53151065, 0.16922356, 0.82997578, 0;
 -9.912962, -1.6612488, -2.5227249, 1]
581 1464106979.3063595295 0.0000000000
[0.87897474, -0.10709872, 0.46468624, 0;
 0.20362261, 0.96544433, -0.16265011, 0;
 -0.43120909, 0.23758596, 0.87040889, 0;
 -10.501778, -0.9284122, -1.5397313, 1]
600 1464106980.0664865971 0.0000000000
[0.75288886, -0.57103229, 0.32723153, 0;
 0.6472286, 0.73258787, -0.21073715, 0;
 -0.11938813, 0.37045527, 0.92114568, 0;
 -10.436674, 5.1368494, -0.14471446, 1]
604 1464106980.2270240784 0.0000000000
[0.65614212, -0.67245156, 0.34247115, 0;
 0.75294721, 0.61373013, -0.23749913, 0;
 -0.050478198, 0.41369587, 0.9090147, 0;
 -9.6944551, 6.8637853, -0.31568795, 1]
620 1464106980.8665113449 0.0000000000
[0.4689346, -0.86554474, 0.17587674, 0;
 0.86831248, 0.41533354, -0.27116698, 0;
 0.16165964, 0.27987555, 0.94632757, 0;
 -7.8964071, 9.8993711, 1.7169098, 1]
639 1464106981.6265985966 0.0000000000
[0.13635366, -0.97727937, 0.16227366, 0;
 0.94243163, 0.077476732, -0.32529983, 0;
 0.30533636, 0.19728765, 0.93158323, 0;
 -4.0722799, 13.192014, 1.9764482, 1]
652 1464106982.1472694874 0.0000000000
[-0.040480323, -0.99547559, 0.085963115, 0;
 0.95188153, -0.064577922, -0.29958516, 0;
 0.30378103, 0.069699399, 0.95018899, 0;
 -1.8754324, 14.288712, 2.9745498, 1]
659 1464106982.4268167019 0.0000000000
[-0.0092677148, -0.99627441, 0.085740075, 0;
 0.96589172, -0.031108784, -0.25707087, 0;
 0.25878042, 0.080433168, 0.96258152, 0;
 -2.581455, 14.658277, 2.8456604, 1]
671 1464106982.9067664146 0.0000000000
[0.027092198, -0.99875516, 0.041883204, 0;
 0.95548737, 0.013559306, -0.2947202, 0;
 0.29378542, 0.048003495, 0.9546653, 0;
 -3.1204002, 15.178245, 3.6723516, 1]
677 1464106983.1468541622 0.0000000000
[-0.0016374049, -0.99966204, 0.025945622, 0;
 0.95259935, -0.0094525497, -0.30408075, 0;
 0.30422324, 0.024217879, 0.95229286, 0;
 -2.6847043, 15.558939, 4.0024304, 1]
683 1464106983.3874228001 0.0000000000
[-0.019674852, -0.99952596, 0.023681276, 0;
 0.93084252, -0.026957015, -0.36442488, 0;
 0.36489049, 0.014873534, 0.93093163, 0;
 -2.1724794, 15.970508, 4.2092071, 1]
689 1464106983.6267557144 0.0000000000
[0.015093399, -0.99967849, 0.02037474, 0;
 0.93596405, 0.0069566593, -0.35202688, 0;
 0.35177198, 0.024383307, 0.93576813, 0;
 -2.8472652, 16.25544, 4.2407088, 1]
694 1464106983.8270626068 0.0000000000
[0.001309404, -0.99992681, 0.012027384, 0;
 0.91470546, -0.0036628696, -0.40410453, 0;
 0.40411901, 0.01153065, 0.91463375, 0;
 -2.3928034, 16.589483, 4.5477095, 1]
705 1464106984.2669758797 0.0000000000
[0.036192723, -0.99856293, 0.039524302, 0;
 0.91862327, 0.01767108, -0.39473918, 0;
 0.39347348, 0.050594632, 0.9179427, 0;
 -3.1998687, 17.365763, 4.1797256, 1]
710 1464106984.4693338871 0.0000000000
[0.024227839, -0.99726254, 0.069860511, 0;
 0.9151271, -0.0060071088, -0.4031207, 0;
 0.40243679, 0.073697992, 0.91247642, 0;
 -2.9983864, 17.889565, 3.6911016, 1]
715 1464106984.6670663357 0.0000000000
[0.034185521, -0.99555224, 0.087789699, 0;
 0.91635525, -0.0038373927, -0.40034771, 0;
 0.39890397, 0.094132654, 0.91214836, 0;
 -3.3045824, 18.264757, 3.3816209, 1]
735 1464106985.4670674801 0.0000000000
[0.030137694, -0.99811167, 0.053523909, 0;
 0.91436666, 0.0058991965, -0.40484422, 0;
 0.40376401, 0.061141547, 0.91281778, 0;
 -3.3600554, 19.455412, 4.3453531, 1]
756 1464106986.3086822033 0.0000000000
[0.017353307, -0.99558878, 0.092205301, 0;
 0.9068132, -0.023174783, -0.42089513, 0;
 0.42117533, 0.090916909, 0.90241092, 0;
 -3.2924516, 20.959448, 3.8276296, 1]
759 1464106986.4271955490 0.0000000000
[0.025606804, -0.99491251, 0.097433902, 0;
 0.90171307, -0.019090123, -0.43191326, 0;
 0.43157592, 0.098917343, 0.89663684, 0;
 -3.4297845, 21.163786, 3.7849965, 1]
765 1464106986.6671729088 0.0000000000
[0.053335696, -0.99523222, 0.081658423, 0;
 0.89792448, 0.012020227, -0.43998536, 0;
 0.43690607, 0.096790023, 0.89428449, 0;
 -4.0418649, 21.383265, 4.2510686, 1]
797 1464106987.9478473663 0.0000000000
[0.070535451, -0.99419159, 0.081288911, 0;
 0.88427132, 0.024608394, -0.4663246, 0;
 0.46161559, 0.10477387, 0.88087088, 0;
 -4.62712, 23.384279, 4.6348457, 1]
801 1464106988.1074380875 0.0000000000
[0.071389802, -0.99427062, 0.079557434, 0;
 0.87687975, 0.024546767, -0.48008263, 0;
 0.4753792, 0.10403531, 0.87360817, 0;
 -4.6124191, 23.64797, 4.7527466, 1]
810 1464106988.4675800800 0.0000000000
[0.099314891, -0.98836845, 0.11517118, 0;
 0.89424676, 0.03789014, -0.44596753, 0;
 0.43641636, 0.14728267, 0.88760835, 0;
 -5.7939219, 24.272066, 3.8100932, 1]
834 1464106989.4273307323 0.0000000000
[0.060660549, -0.98904955, 0.13454078, 0;
 0.87895709, -0.010947575, -0.47677523, 0;
 0.47302726, 0.14717701, 0.86866802, 0;
 -4.8636327, 26.241079, 3.5006294, 1]
837 1464106989.5479378700 0.0000000000
[0.066482373, -0.98867208, 0.13456453, 0;
 0.87980413, -0.0055302591, -0.47530416, 0;
 0.47066414, 0.14998978, 0.86947012, 0;
 -5.1063972, 26.420408, 3.484812, 1]
841 1464106989.7075884342 0.0000000000
[0.10489124, -0.98534304, 0.13452475, 0;
 0.88508219, 0.03081388, -0.46441367, 0;
 0.45346153, 0.16777837, 0.87534165, 0;
 -6.2953057, 26.417082, 3.4372358, 1]
848 1464106989.9902038574 0.0000000000
[0.072956257, -0.97974205, 0.18650182, 0;
 0.88959271, -0.020615036, -0.45628923, 0;
 0.45089048, 0.19919981, 0.87006736, 0;
 -5.6103106, 27.183361, 1.9733014, 1]
860 1464106990.4675414562 0.0000000000
[0.0028615906, -0.98035556, 0.19721773, 0;
 0.86570978, -0.096287139, -0.49119791, 0;
 0.50053811, 0.17213893, 0.84842783, 0;
 -3.425375, 28.351572, 1.7931813, 1]
868 1464106990.7907130718 0.0000000000
[-0.17149633, -0.95487368, 0.24249794, 0;
 0.82704794, -0.27328989, -0.49122739, 0;
 0.53533232, 0.11631372, 0.83659452, 0;
 1.7232476, 29.078148, 0.44689181, 1]
871 1464106990.9076669216 0.0000000000
[-0.18037984, -0.95533264, 0.23409967, 0;
 0.83800572, -0.27387634, -0.47195148, 0;
 0.51498502, 0.11104632, 0.84997594, 0;
 1.8089583, 29.25737, 0.59890074, 1]
892 1464106991.7477049828 0.0000000000
[-0.26276955, -0.93701643, 0.23011389, 0;
 0.81804252, -0.34282061, -0.46182302, 0;
 0.5116235, 0.066889919, 0.85660207, 0;
 4.5208192, 30.442398, 0.7000429, 1]
896 1464106991.9076805115 0.0000000000
[-0.2343173, -0.93914372, 0.25120616, 0;
 0.81838864, -0.33002657, -0.47044927, 0;
 0.52472419, 0.095349856, 0.84591544, 0;
 3.7420385, 30.780886, 0.070687011, 1]
922 1464106992.9510526657 0.0000000000
[0.2685875, -0.93232828, 0.24212542, 0;
 0.91295457, 0.16622373, -0.37267089, 0;
 0.3072046, 0.32114425, 0.89581901, 0;
 -13.788058, 29.911657, -0.14164144, 1]
926 1464106993.1082284451 0.0000000000
[0.3515543, -0.8981936, 0.26392779, 0;
 0.90149987, 0.24879315, -0.35411862, 0;
 0.25240365, 0.36242276, 0.89718568, 0;
 -16.769848, 28.636189, -0.99015087, 1]
931 1464106993.3079240322 0.0000000000
[0.44898042, -0.84826702, 0.28081971, 0;
 0.87509036, 0.35389224, -0.33011687, 0;
 0.18064733, 0.39395863, 0.90120095, 0;
 -20.300983, 26.662476, -1.7509997, 1]
940 1464106993.6684038639 0.0000000000
[0.62748533, -0.71216249, 0.3147805, 0;
 0.77443546, 0.52893209, -0.34710312, 0;
 0.080696322, 0.46157929, 0.883421, 0;
 -26.279743, 21.691647, -2.916667, 1]
945 1464106993.8680007458 0.0000000000
[0.70790732, -0.63297129, 0.31339201, 0;
 0.70546865, 0.61206454, -0.35733876, 0;
 0.034369037, 0.47405094, 0.87982637, 0;
 -28.922644, 18.689032, -2.859601, 1]
969 1464106994.8279991150 0.0000000000
[0.96350133, -0.0037586642, 0.26767713, 0;
 0.098329291, 0.93497711, -0.34080663, 0;
 -0.24899101, 0.35468814, 0.90122128, 0;
 -35.623283, -5.5915194, -1.5704621, 1]
990 1464106995.6697287560 0.0000000000
[0.81150693, 0.55050433, 0.19596311, 0;
 -0.45694196, 0.80686176, -0.37440369, 0;
 -0.36422598, 0.21428742, 0.90632242, 0;
 -27.352291, -25.410242, 1.2636001, 1]
996 1464106995.9081838131 0.0000000000
[0.72628856, 0.65757871, 0.20023762, 0;
 -0.53751928, 0.72487855, -0.43084112, 0;
 -0.42845991, 0.20528339, 0.87993228, 0;
 -24.246227, -28.901556, 1.4053848, 1]
1037 1464106997.5496673584 0.0000000000
[0.356444, 0.92664582, -0.11947873, 0;
 -0.89629334, 0.30302083, -0.32378477, 0;
 -0.26382926, 0.22249913, 0.93855649, 0;
 -7.1999717, -37.419628, 13.056471, 1]
1051 1464106998.1083772182 0.0000000000
[0.3342112, 0.92154825, -0.19761498, 0;
 -0.91877902, 0.27181566, -0.28628895, 0;
 -0.21011424, 0.27724546, 0.93754303, 0;
 -5.9860153, -37.436638, 16.033337, 1]
1058 1464106998.3910946846 0.0000000000
[0.31930345, 0.92376179, -0.21144614, 0;
 -0.9355194, 0.27167824, -0.22581927, 0;
 -0.1511579, 0.26991683, 0.9509449, 0;
 -4.9584112, -38.016537, 16.239801, 1]
1078 1464106999.1911456585 0.0000000000
[0.3791835, 0.89463145, -0.23633556, 0;
 -0.91656047, 0.32807288, -0.22865926, 0;
 -0.12703046, 0.30331966, 0.94438362, 0;
 -7.6324644, -38.335678, 17.742115, 1]
1086 1464106999.5086452961 0.0000000000
[0.37241641, 0.89723873, -0.23721021, 0;
 -0.92385036, 0.33407709, -0.18679681, 0;
 -0.088354841, 0.28871292, 0.9533301, 0;
 -7.1553426, -39.11121, 17.58849, 1]
1098 1464106999.9886109829 0.0000000000
[0.49253654, 0.84899217, -0.19136374, 0;
 -0.86523545, 0.45402256, -0.21267611, 0;
 -0.093676895, 0.27032545, 0.95820081, 0;
 -13.05571, -39.071907, 16.157663, 1]
1104 1464107000.2284443378 0.0000000000
[0.52408946, 0.82272977, -0.22010437, 0;
 -0.84813678, 0.48069403, -0.2227045, 0;
 -0.077422775, 0.30339569, 0.94971406, 0;
 -14.618093, -38.363209, 17.574915, 1]
1110 1464107000.4687006474 0.0000000000
[0.6172331, 0.7571705, -0.21381344, 0;
 -0.78652561, 0.58689636, -0.19217217, 0;
 -0.020020757, 0.28678477, 0.95778584, 0;
 -19.047056, -37.002514, 17.181839, 1]
1117 1464107000.7494134903 0.0000000000
[0.69944412, 0.69096577, -0.18260409, 0;
 -0.71453965, 0.68128258, -0.15901925, 0;
 0.014528128, 0.24170293, 0.97024155, 0;
 -23.358835, -35.755539, 15.652642, 1]
1127 1464107001.1487820148 0.0000000000
[0.78939939, 0.61236775, -0.043061502, 0;
 -0.61013424, 0.77491295, -0.16506408, 0;
 -0.067711011, 0.15657479, 0.98534238, 0;
 -29.375998, -34.330822, 9.7402496, 1]
1129 1464107001.2287347317 0.0000000000
[0.80528522, 0.59269899, -0.014954481, 0;
 -0.58455825, 0.78950608, -0.18700747, 0;
 -0.099032491, 0.15933612, 0.98224467, 0;
 -30.656521, -33.694096, 8.7074261, 1]
1132 1464107001.3488042355 0.0000000000
[0.8366707, 0.5469054, 0.029608406, 0;
 -0.52995396, 0.82202047, -0.20840143, 0;
 -0.13831457, 0.15867227, 0.97759509, 0;
 -33.032639, -32.157204, 6.9078031, 1]
1135 1464107001.4687340260 0.0000000000
[0.82473028, 0.56524438, 0.017853219, 0;
 -0.55082142, 0.81003749, -0.20108466, 0;
 -0.12812375, 0.15600666, 0.97941118, 0;
 -32.352337, -33.037342, 7.3775654, 1]
1144 1464107001.8288195133 0.0000000000
[0.84913856, 0.52449685, 0.062183294, 0;
 -0.50970107, 0.84460849, -0.16383326, 0;
 -0.13845058, 0.10742225, 0.98452622, 0;
 -34.339676, -32.21069, 5.0068989, 1]
1160 1464107002.4688842297 0.0000000000
[0.869789, 0.45308161, 0.19540761, 0;
 -0.43235776, 0.89066517, -0.14064956, 0;
 -0.23776849, 0.037849449, 0.97058415, 0;
 -37.722351, -30.727058, -1.4808925, 1]
1167 1464107002.7489304543 0.0000000000
[0.86703777, 0.47395599, 0.15365933, 0;
 -0.45587569, 0.87909114, -0.13919792, 0;
 -0.20105425, 0.050640304, 0.97827029, 0;
 -37.538498, -31.84993, 0.51569784, 1]
1169 1464107002.8288927078 0.0000000000
[0.86541897, 0.47627819, 0.15559271, 0;
 -0.45459139, 0.87694782, -0.15591416, 0;
 -0.21070519, 0.064199969, 0.97543925, 0;
 -37.627308, -31.91674, 0.62751704, 1]
1187 1464107003.5490186214 0.0000000000
[0.85800582, 0.48907667, 0.15693937, 0;
 -0.46853068, 0.87043595, -0.15106376, 0;
 -0.21048743, 0.05608267, 0.97598654, 0;
 -38.440483, -33.615131, 0.53265053, 1]
1194 1464107003.8317434788 0.0000000000
[0.86993414, 0.4549562, 0.19034033, 0;
 -0.41953713, 0.8855893, -0.19929919, 0;
 -0.25923574, 0.093522333, 0.9612754, 0;
 -40.198524, -32.095276, -0.76410407, 1]
1202 1464107004.1490497589 0.0000000000
[0.8661325, 0.47699696, 0.14929287, 0;
 -0.4498772, 0.8741501, -0.18295377, 0;
 -0.21777278, 0.091298759, 0.97171992, 0;
 -39.901699, -33.486748, 1.231301, 1]
1206 1464107004.3103849888 0.0000000000
[0.86730707, 0.47729656, 0.14130288, 0;
 -0.44694424, 0.87167519, -0.20105517, 0;
 -0.21913317, 0.11122205, 0.96933496, 0;
 -40.351425, -33.621696, 1.8124028, 1]
1217 1464107004.7489678860 0.0000000000
[0.85309231, 0.49490032, 0.16524893, 0;
 -0.45729968, 0.86169934, -0.21988919, 0;
 -0.25121811, 0.1120175, 0.96142679, 0;
 -40.372383, -34.958656, 0.75822186, 1]
1231 1464107005.4321856499 0.0000000000
[0.85826701, 0.48902664, 0.15566224, 0;
 -0.4560031, 0.86583972, -0.20587066, 0;
 -0.2354548, 0.10570953, 0.96611929, 0;
 -41.458099, -35.667015, 1.1378807, 1]
1238 1464107005.7115495205 0.0000000000
[0.85359639, 0.49439669, 0.16414973, 0;
 -0.47091934, 0.86705697, -0.16262612, 0;
 -0.22272898, 0.061515778, 0.97293764, 0;
 -41.578934, -36.779469, 0.34636092, 1]
1250 1464107006.1892094612 0.0000000000
[0.86186302, 0.46413803, 0.20437236, 0;
 -0.43440562, 0.88360196, -0.17475516, 0;
 -0.26169431, 0.061834492, 0.96316797, 0;
 -43.691784, -35.987644, -1.8359749, 1]
1257 1464107006.4693095684 0.0000000000
[0.85480195, 0.45948824, 0.24121401, 0;
 -0.42677492, 0.88686621, -0.17700699, 0;
 -0.29525718, 0.048361838, 0.954193, 0;
 -43.934429, -36.100704, -4.053668, 1]
1262 1464107006.6692242622 0.0000000000
[0.85310626, 0.45107022, 0.26219332, 0;
 -0.42132843, 0.89201111, -0.16370262, 0;
 -0.30772075, 0.029186232, 0.95102894, 0;
 -44.28157, -36.101643, -5.5041118, 1]
1267 1464107006.8693125248 0.0000000000
[0.86194968, 0.43864685, 0.25422758, 0;
 -0.41579077, 0.89852607, -0.14060208, 0;
 -0.29010478, 0.015486448, 0.9568696, 0;
 -45.031342, -35.832226, -5.4132013, 1]
1270 1464107006.9893960953 0.0000000000
[0.85300732, 0.41606182, 0.31507313, 0;
 -0.384592, 0.90921563, -0.15942366, 0;
 -0.35279953, 0.014814943, 0.93558162, 0;
 -45.605171, -34.834419, -8.7784443, 1]
1274 1464107007.1492919922 0.0000000000
[0.84288764, 0.41440257, 0.34323597, 0;
 -0.37815243, 0.90999311, -0.17003891, 0;
 -0.38280693, 0.013528182, 0.9237293, 0;
 -45.618141, -34.999516, -10.37864, 1]
1279 1464107007.3494150639 0.0000000000
[0.84266293, 0.3978579, 0.36280602, 0;
 -0.37484023, 0.91718119, -0.13517919, 0;
 -0.38654098, -0.022083802, 0.9220078, 0;
 -46.038284, -34.659069, -12.002306, 1]
1287 1464107007.6693706512 0.0000000000
[0.83340639, 0.33067346, 0.44281927, 0;
 -0.32542935, 0.94123602, -0.090390995, 0;
 -0.44668734, -0.068773948, 0.89204293, 0;
 -47.114792, -31.874657, -17.528774, 1]
1290 1464107007.7894804478 0.0000000000
[0.82426274, 0.31189644, 0.47255847, 0;
 -0.31802127, 0.94554281, -0.069363527, 0;
 -0.4684585, -0.093109883, 0.87856543, 0;
 -47.007793, -31.175419, -19.758698, 1]
1293 1464107007.9127151966 0.0000000000
[0.82222235, 0.28889298, 0.49039909, 0;
 -0.31750989, 0.94789696, -0.02605442, 0;
 -0.47237474, -0.13428403, 0.87110841, 0;
 -47.139126, -30.322769, -21.543272, 1]
1297 1464107008.0695304871 0.0000000000
[0.7935136, 0.23686121, 0.56056488, 0;
 -0.2760832, 0.96101266, -0.015253998, 0;
 -0.54232305, -0.14265829, 0.82797003, 0;
 -46.742519, -27.641577, -26.304436, 1]
1300 1464107008.1895463467 0.0000000000
[0.7790314, 0.20879224, 0.59119868, 0;
 -0.25777435, 0.96620387, -0.001558808, 0;
 -0.57154393, -0.1511815, 0.80652446, 0;
 -46.552876, -26.251949, -28.577456, 1]
1305 1464107008.3895266056 0.0000000000
[0.76337737, 0.17986643, 0.62040555, 0;
 -0.22557326, 0.97421396, -0.0048853066, 0;
 -0.60528642, -0.13621756, 0.784266, 0;
 -46.631161, -24.729059, -30.642649, 1]
1309 1464107008.5524981022 0.0000000000
[0.76382983, 0.16085844, 0.62505084, 0;
 -0.22210637, 0.97480583, 0.020551516, 0;
 -0.60599732, -0.15452564, 0.78031349, 0;
 -46.965279, -23.853704, -31.443771, 1]
1313 1464107008.7110319138 0.0000000000
[0.74789917, 0.11015395, 0.65460896, 0;
 -0.20115213, 0.97737765, 0.06535124, 0;
 -0.6326015, -0.18055214, 0.75313765, 0;
 -46.732502, -21.170044, -34.174976, 1]
1316 1464107008.8295111656 0.0000000000
[0.74511534, 0.099961169, 0.65940189, 0;
 -0.21334586, 0.97247726, 0.09365654, 0;
 -0.63189137, -0.2104656, 0.74593401, 0;
 -46.610584, -20.855494, -34.883778, 1]
1320 1464107008.9896023273 0.0000000000
[0.69961333, 0.075934306, 0.71047533, 0;
 -0.21186957, 0.97166473, 0.10478067, 0;
 -0.68238735, -0.22383405, 0.69587773, 0;
 -44.519814, -19.585165, -38.646828, 1]
1329 1464107009.3496015072 0.0000000000
[0.58450311, -0.030699298, 0.81081051, 0;
 -0.15595217, 0.97640193, 0.14939296, 0;
 -0.79626316, -0.2137683, 0.56592232, 0;
 -39.558285, -13.199346, -47.133392, 1]
1333 1464107009.5122811794 0.0000000000
[0.55274284, -0.064411826, 0.83085889, 0;
 -0.11919705, 0.98064631, 0.15532184, 0;
 -0.82478327, -0.18488896, 0.5343675, 0;
 -38.499325, -11.059115, -48.972187, 1]
1338 1464107009.7112183571 0.0000000000
[0.51142299, -0.1038842, 0.85302675, 0;
 -0.092591338, 0.98022521, 0.17488696, 0;
 -0.85432625, -0.16842408, 0.4916909, 0;
 -36.768623, -8.5234022, -51.303047, 1]
1343 1464107009.9120931625 0.0000000000
[0.49099991, -0.13857229, 0.8600679, 0;
 -0.092924736, 0.97330427, 0.20986603, 0;
 -0.86618942, -0.18296579, 0.46501553, 0;
 -35.777554, -6.3681855, -52.783859, 1]
1348 1464107010.1124174595 0.0000000000
[0.43855476, -0.16761668, 0.88293511, 0;
 -0.095514104, 0.96819574, 0.23124455, 0;
 -0.89361441, -0.18574615, 0.40859711, 0;
 -32.811939, -4.5478454, -55.336472, 1]
1353 1464107010.3124167919 0.0000000000
[0.37207478, -0.20952357, 0.90424567, 0;
 -0.094589263, 0.96055931, 0.26149321, 0;
 -0.9233706, -0.18282695, 0.33758122, 0;
 -29.008625, -1.7514838, -58.035686, 1]
1357 1464107010.4698143005 0.0000000000
[0.3268275, -0.24182892, 0.91362059, 0;
 -0.087365545, 0.9548381, 0.28399199, 0;
 -0.94103724, -0.17263536, 0.29093984, 0;
 -26.480072, 0.51060528, -59.586926, 1]
1363 1464107010.7130720615 0.0000000000
[0.25427532, -0.25762308, 0.93218797, 0;
 -0.063852347, 0.95729357, 0.28197855, 0;
 -0.96502173, -0.13122258, 0.22696629, 0;
 -22.448652, 1.8260454, -61.70573, 1]
1368 1464107010.9120788574 0.0000000000
[0.24367134, -0.25820643, 0.93485492, 0;
 -0.079879612, 0.95529121, 0.28467166, 0;
 -0.96656275, -0.14404218, 0.21215166, 0;
 -21.599451, 1.8821256, -62.40332, 1]
1374 1464107011.1497507095 0.0000000000
[0.18130793, -0.29060808, 0.93950754, 0;
 -0.090167917, 0.94640452, 0.31014222, 0;
 -0.97928399, -0.14094467, 0.14538711, 0;
 -17.588383, 4.1906862, -63.991333, 1]
1380 1464107011.3898169994 0.0000000000
[0.10497418, -0.30703393, 0.94589144, 0;
 -0.10784852, 0.94202209, 0.31774688, 0;
 -0.98860967, -0.13536821, 0.065774843, 0;
 -12.481621, 5.406539, -65.64621, 1]
1400 1464107012.1904165745 0.0000000000
[0.035255373, -0.29692972, 0.95424831, 0;
 -0.096207865, 0.9493987, 0.29897517, 0;
 -0.99473673, -0.10234667, 0.0049044304, 0;
 -8.2838755, 5.1186132, -67.987549, 1]
1408 1464107012.5116076469 0.0000000000
[0.029469971, -0.22974662, 0.97280419, 0;
 -0.11707351, 0.96573508, 0.23162372, 0;
 -0.99268591, -0.12071554, 0.0015629412, 0;
 -7.5004992, 0.31770518, -68.929008, 1]
1415 1464107012.7919220924 0.0000000000
[0.12318695, -0.19721335, 0.97259027, 0;
 -0.086584091, 0.97418165, 0.20850265, 0;
 -0.98859912, -0.10989565, 0.10293093, 0;
 -14.152644, -1.764382, -68.351456, 1]
1423 1464107013.1122312546 0.0000000000
[0.19699046, -0.14207056, 0.97005707, 0;
 -0.013963631, 0.98893791, 0.14767139, 0;
 -0.98030597, -0.042635374, 0.19282751, 0;
 -19.990324, -5.1582289, -67.213402, 1]
1432 1464107013.4700169563 0.0000000000
[0.4519119, -0.066282228, 0.8895967, 0;
 0.010181407, 0.99755406, 0.069153816, 0;
 -0.89200449, -0.022194086, 0.45148137, 0;
 -37.054882, -10.185359, -59.381527, 1]
1440 1464107013.7900993824 0.0000000000
[0.54473794, -0.0098278169, 0.83854878, 0;
 0.0056686066, 0.99995166, 0.0080370242, 0;
 -0.83858716, 0.000375331, 0.54476726, 0;
 -42.899166, -13.899971, -54.981472, 1]
1448 1464107014.1122117043 0.0000000000
[0.6044848, -0.023112135, 0.79628134, 0;
 0.028671434, 0.99956262, 0.0072469111, 0;
 -0.79610056, 0.01844988, 0.60488307, 0;
 -47.076344, -12.795332, -52.245701, 1]
1455 1464107014.3901126385 0.0000000000
[0.62897676, -0.019718474, 0.777174, 0;
 0.086699918, 0.99522138, -0.044916566, 0;
 -0.77257448, 0.095632404, 0.62768072, 0;
 -49.453091, -12.470674, -50.580204, 1]
1460 1464107014.5901739597 0.0000000000
[0.6652981, -0.0059676208, 0.74655402, 0;
 0.079149269, 0.99489641, -0.0625818, 0;
 -0.74237043, 0.10072475, 0.66237503, 0;
 -51.724045, -13.357743, -48.352871, 1]
1465 1464107014.7905874252 0.0000000000
[0.68255025, -0.0098457439, 0.73077238, 0;
 0.082573846, 0.99454546, -0.063725397, 0;
 -0.72615892, 0.10383847, 0.67964023, 0;
 -52.898457, -13.10444, -47.548813, 1]
1469 1464107014.9511642456 0.0000000000
[0.64838916, -0.017467553, 0.76110864, 0;
 0.08039818, 0.99571741, -0.045639426, 0;
 -0.75705194, 0.090783857, 0.64701676, 0;
 -50.607468, -12.651784, -50.462158, 1]
1473 1464107015.1125345230 0.0000000000
[0.63357764, -0.038552925, 0.77271795, 0;
 0.072993554, 0.99728131, -0.010092911, 0;
 -0.77022809, 0.062798075, 0.6346693, 0;
 -49.541698, -11.267034, -52.190239, 1]
1479 1464107015.3509333134 0.0000000000
[0.60598993, -0.059993885, 0.79320675, 0;
 0.099287331, 0.99505866, -0.00059214153, 0;
 -0.78925169, 0.079114214, 0.60895211, 0;
 -48.08548, -9.6489458, -54.40358, 1]
1484 1464107015.5509421825 0.0000000000
[0.56948298, -0.091501154, 0.81689453, 0;
 0.1195501, 0.99243826, 0.027821831, 0;
 -0.81326312, 0.081815764, 0.57611567, 0;
 -45.915134, -7.3367205, -57.06271, 1]
1490 1464107015.7901916504 0.0000000000
[0.55210954, -0.12461264, 0.82440692, 0;
 0.10307585, 0.99138451, 0.080821604, 0;
 -0.82737565, 0.040354062, 0.56019735, 0;
 -44.578743, -5.0419202, -58.863461, 1]
1496 1464107016.0334527493 0.0000000000
[0.5359062, -0.15799487, 0.82936251, 0;
 0.093187675, 0.98740113, 0.12788673, 0;
 -0.83911896, 0.0087510711, 0.5438776, 0;
 -43.390736, -2.7135623, -60.41478, 1]
1502 1464107016.2703015804 0.0000000000
[0.59989709, -0.18817256, 0.77763397, 0;
 0.10794286, 0.98209769, 0.15437756, 0;
 -0.79276216, -0.0086706104, 0.60946941, 0;
 -48.211666, -0.48049927, -57.20034, 1]
1509 1464107016.5503599644 0.0000000000
[0.65773815, -0.20144922, 0.72580904, 0;
 0.1229495, 0.97936386, 0.16040516, 0;
 -0.74314463, -0.016266733, 0.66893303, 0;
 -52.651222, 0.52716923, -53.599892, 1]
1516 1464107016.8303143978 0.0000000000
[0.67533487, -0.22570522, 0.70212531, 0;
 0.16961157, 0.97403288, 0.14997281, 0;
 -0.7177428, 0.017806701, 0.69608063, 0;
 -54.732952, 2.3873248, -51.907852, 1]
1522 1464107017.0703699589 0.0000000000
[0.70884234, -0.21750371, 0.6709953, 0;
 0.18608922, 0.97523409, 0.11953752, 0;
 -0.68037736, 0.040131733, 0.73176235, 0;
 -57.501377, 1.7885201, -49.223228, 1]
1529 1464107017.3504948616 0.0000000000
[0.7090829, -0.2351107, 0.66477394, 0;
 0.20641854, 0.97068608, 0.12312578, 0;
 -0.67423499, 0.049915288, 0.73682809, 0;
 -58.024952, 3.0876768, -49.038563, 1]
1534 1464107017.5535743237 0.0000000000
[0.71281993, -0.24302292, 0.65789634, 0;
 0.19758132, 0.96963716, 0.14410195, 0;
 -0.67294079, 0.027269283, 0.7391935, 0;
 -58.332626, 3.5260868, -49.000824, 1]
1540 1464107017.7903251648 0.0000000000
[0.71411312, -0.24814615, 0.65457314, 0;
 0.22775656, 0.96654886, 0.11794166, 0;
 -0.66194367, 0.064859644, 0.74674213, 0;
 -59.058369, 3.9887488, -48.507496, 1]
1546 1464107018.0303950310 0.0000000000
[0.69767731, -0.22887826, 0.67886752, 0;
 0.20657435, 0.97161603, 0.11527955, 0;
 -0.68598354, 0.059808698, 0.72515482, 0;
 -57.821812, 2.3284023, -50.512371, 1]
1553 1464107018.3132343292 0.0000000000
[0.6706714, -0.26582447, 0.69248629, 0;
 0.20346364, 0.96369851, 0.17288056, 0;
 -0.71330386, 0.024949728, 0.70041066, 0;
 -56.096439, 4.9629345, -52.76445, 1]
1561 1464107018.6307516098 0.0000000000
[0.62487286, -0.28071985, 0.72851235, 0;
 0.21110925, 0.95911413, 0.18850185, 0;
 -0.7516427, 0.036006004, 0.65858698, 0;
 -53.178062, 6.0356436, -56.130379, 1]
1568 1464107018.9128375053 0.0000000000
[0.61480045, -0.26290721, 0.74357259, 0;
 0.22061163, 0.96249473, 0.15790613, 0;
 -0.75719935, 0.06696, 0.6497426, 0;
 -52.807751, 4.6068673, -57.038097, 1]
1576 1464107019.2306199074 0.0000000000
[0.60962379, -0.27744934, 0.74255013, 0;
 0.20280543, 0.9601599, 0.19225734, 0;
 -0.76630855, 0.033388548, 0.64160454, 0;
 -52.386284, 5.5025301, -57.848404, 1]
1584 1464107019.5506432056 0.0000000000
[0.60984331, -0.2633045, 0.74750376, 0;
 0.21775584, 0.96256477, 0.16140479, 0;
 -0.7620194, 0.064341679, 0.64434975, 0;
 -52.881161, 4.3440714, -57.948784, 1]
1591 1464107019.8332936764 0.0000000000
[0.59858298, -0.27971533, 0.75063825, 0;
 0.218009, 0.95856905, 0.18335062, 0;
 -0.77082455, 0.053895328, 0.63476354, 0;
 -52.240467, 5.5224042, -58.857288, 1]
1599 1464107020.1507456303 0.0000000000
[0.50406229, -0.34391114, 0.79224133, 0;
 0.2614755, 0.93501741, 0.23952669, 0;
 -0.82313532, 0.086415336, 0.56123132, 0;
 -46.111805, 10.841146, -63.601604, 1]
1607 1464107020.4707829952 0.0000000000
[0.46061328, -0.35638258, 0.81291258, 0;
 0.25860646, 0.93000317, 0.2611835, 0;
 -0.84909254, 0.089919858, 0.52053463, 0;
 -43.01543, 11.782248, -65.966629, 1]
1615 1464107020.7907729149 0.0000000000
[0.32336169, -0.36799088, 0.87179118, 0;
 0.2471513, 0.92215216, 0.29757622, 0;
 -0.9134295, 0.11923958, 0.38913813, 0;
 -32.540413, 12.809631, -72.0261, 1]
1622 1464107021.0708744526 0.0000000000
[0.30439514, -0.39385867, 0.86730558, 0;
 0.26243833, 0.90995044, 0.3211174, 0;
 -0.91567993, 0.12986764, 0.38034809, 0;
 -31.463543, 15.014447, -72.427528, 1]
1629 1464107021.3509287834 0.0000000000
[0.27244478, -0.39412093, 0.87774855, 0;
 0.2682997, 0.90719229, 0.3240639, 0;
 -0.92400712, 0.14721014, 0.35290235, 0;
 -29.21805, 15.065389, -73.688484, 1]
1635 1464107021.5908989906 0.0000000000
[0.22452302, -0.39009589, 0.89298075, 0;
 0.22869103, 0.91187775, 0.34085098, 0;
 -0.94725382, 0.1276878, 0.29394898, 0;
 -24.892801, 14.540213, -75.681694, 1]
1643 1464107021.9132812023 0.0000000000
[0.22905625, -0.39562911, 0.88938791, 0;
 0.23920234, 0.90854061, 0.34254378, 0;
 -0.94356531, 0.13428187, 0.3027423, 0;
 -25.527105, 14.97801, -75.778053, 1]
1651 1464107022.2310554981 0.0000000000
[0.17724894, -0.44298613, 0.87883222, 0;
 0.2233374, 0.88777971, 0.40245199, 0;
 -0.95849007, 0.12494192, 0.25629339, 0;
 -21.250288, 19.018042, -76.5774, 1]
1659 1464107022.5535283089 0.0000000000
[0.10121134, -0.38830388, 0.91595656, 0;
 0.20526557, 0.90902495, 0.36268392, 0;
 -0.97345895, 0.15130661, 0.17170905, 0;
 -14.962281, 14.330525, -79.483429, 1]
1666 1464107022.8312821388 0.0000000000
[0.061072689, -0.38321164, 0.92163926, 0;
 0.20397501, 0.9086684, 0.36430198, 0;
 -0.97706926, 0.16574249, 0.13366042, 0;
 -11.801886, 13.959747, -80.460426, 1]
1674 1464107023.1511268616 0.0000000000
[0.092277154, -0.39247292, 0.91512293, 0;
 0.19188878, 0.90882635, 0.37042323, 0;
 -0.9770689, 0.14142022, 0.15917507, 0;
 -14.125474, 14.683346, -80.387932, 1]
1680 1464107023.3919961452 0.0000000000
[0.089591615, -0.34031573, 0.93603343, 0;
 0.16907012, 0.93136954, 0.32243767, 0;
 -0.98152363, 0.12936758, 0.14098012, 0;
 -13.53861, 10.080673, -81.601067, 1]
1686 1464107023.6313018799 0.0000000000
[0.055279907, -0.33574438, 0.94032967, 0;
 0.15496168, 0.93324339, 0.3241044, 0;
 -0.98637265, 0.1277986, 0.10361712, 0;
 -10.571631, 9.7521105, -82.438332, 1]
1692 1464107023.8711664677 0.0000000000
[0.045546021, -0.32712284, 0.9438836, 0;
 0.16032568, 0.9350096, 0.31631103, 0;
 -0.98601282, 0.13692206, 0.095032156, 0;
 -9.9354715, 9.066227, -82.969734, 1]
1697 1464107024.0711803436 0.0000000000
[0.059653517, -0.33509243, 0.94029492, 0;
 0.16053244, 0.93293208, 0.32228416, 0;
 -0.98522627, 0.13172245, 0.10944588, 0;
 -11.150959, 9.7782354, -83.036751, 1]
1704 1464107024.3515601158 0.0000000000
[0.055568218, -0.34220985, 0.93797898, 0;
 0.16399311, 0.92980051, 0.32951066, 0;
 -0.98489511, 0.13551177, 0.10778742, 0;
 -10.949015, 10.482659, -83.317245, 1]
1709 1464107024.5512816906 0.0000000000
[0.028660452, -0.32855546, 0.94404972, 0;
 0.15004635, 0.93515092, 0.32090318, 0;
 -0.98826349, 0.13245398, 0.076100394, 0;
 -8.4887457, 9.2065344, -83.994682, 1]
1715 1464107024.7912824154 0.0000000000
[0.009120862, -0.33735344, 0.94133389, 0;
 0.14176647, 0.93230075, 0.33274254, 0;
 -0.98985809, 0.13041468, 0.056328792, 0;
 -6.7239194, 9.9115963, -84.34671, 1]
1721 1464107025.0316302776 0.0000000000
[0.00073317566, -0.40018952, 0.91643208, 0;
 0.17615063, 0.90215397, 0.39381361, 0;
 -0.98436296, 0.16114137, 0.071155079, 0;
 -6.7071128, 15.750254, -83.695694, 1]
1735 1464107025.5913605690 0.0000000000
[-0.049469791, -0.31377268, 0.94820857, 0;
 0.12992068, 0.93928301, 0.31759733, 0;
 -0.99028951, 0.13890336, -0.005700578, 0;
 -1.6688385, 7.6230602, -85.675865, 1]
1741 1464107025.8312540054 0.0000000000
[-0.10341347, -0.23081113, 0.96748739, 0;
 0.15765059, 0.95660293, 0.24506551, 0;
 -0.98206514, 0.17786802, -0.062538125, 0;
 2.3155019, 0.39591539, -86.268204, 1]
1747 1464107026.0713195801 0.0000000000
[-0.090950966, -0.21337034, 0.97272867, 0;
 0.15912762, 0.96111262, 0.22570091, 0;
 -0.98305964, 0.17531571, -0.053461008, 0;
 1.2489932, -1.2722976, -86.533859, 1]
1753 1464107026.3168408871 0.0000000000
[-0.10317773, -0.21323317, 0.97153795, 0;
 0.14855877, 0.96249163, 0.22702467, 0;
 -0.98350632, 0.16775437, -0.067630038, 0;
 2.5006211, -1.4477208, -86.749466, 1]
1767 1464107026.8726797104 0.0000000000
[-0.19962551, -0.17864791, 0.9634493, 0;
 0.14967899, 0.96614122, 0.21016036, 0;
 -0.96837276, 0.18616149, -0.16612658, 0;
 10.76306, -4.6434498, -86.664825, 1]
1778 1464107027.3178410530 0.0000000000
[-0.22469325, -0.19902848, 0.9538871, 0;
 0.15902703, 0.95830423, 0.23740979, 0;
 -0.96136534, 0.2050382, -0.18367359, 0;
 12.806109, -2.9160798, -86.9561, 1]
1810 1464107028.5931239128 0.0000000000
[-0.30553091, -0.17863542, 0.9352755, 0;
 0.13203679, 0.96480644, 0.22740886, 0;
 -0.94298309, 0.19297121, -0.27119175, 0;
 20.770481, -5.8229442, -86.911751, 1]
1824 1464107029.1544480324 0.0000000000
[-0.3605929, -0.18000664, 0.91518873, 0;
 0.11528091, 0.96507621, 0.23524067, 0;
 -0.92557174, 0.19032991, -0.32724831, 0;
 25.66604, -5.8648424, -86.087685, 1]
1830 1464107029.3925192356 0.0000000000
[-0.29967144, -0.20781124, 0.93113452, 0;
 0.1406319, 0.95570493, 0.25855511, 0;
 -0.9436205, 0.2084288, -0.25717258, 0;
 19.11013, -3.3225186, -88.144821, 1]
1850 1464107030.1917645931 0.0000000000
[-0.45004216, -0.29730058, 0.84206557, 0;
 0.11404241, 0.91610003, 0.38438925, 0;
 -0.88569546, 0.26902255, -0.37837875, 0;
 32.637562, 5.2721539, -84.88253, 1]
1868 1464107030.9117720127 0.0000000000
[-0.59833145, -0.3394486, 0.72579205, 0;
 0.022228803, 0.89844525, 0.43852252, 0;
 -0.80094028, 0.27851531, -0.5300225, 0;
 47.891716, 9.437995, -77.460274, 1]
1876 1464107031.2318468094 0.0000000000
[-0.7115109, -0.2866028, 0.64156926, 0;
 0.035232469, 0.89733875, 0.43993393, 0;
 -0.70179123, 0.33562183, -0.62836856, 0;
 58.104122, 5.0731068, -70.828293, 1]
1883 1464107031.5118532181 0.0000000000
[-0.73072332, -0.31219864, 0.60710412, 0;
 -0.00033427391, 0.889467, 0.45699927, 0;
 -0.68267363, 0.33373711, -0.65005869, 0;
 60.743458, 7.4924307, -68.490974, 1]
1898 1464107032.1119937897 0.0000000000
[-0.72524416, -0.3299697, 0.60426891, 0;
 0.0048886249, 0.87518036, 0.4837721, 0;
 -0.68847442, 0.35380691, -0.63310635, 0;
 60.37495, 9.5606413, -69.04332, 1]
1912 1464107032.6720812321 0.0000000000
[-0.77974755, -0.36653352, 0.50758934, 0;
 -0.040459875, 0.83852857, 0.54335332, 0;
 -0.62478536, 0.40314141, -0.66867048, 0;
 66.835396, 14.001889, -62.295139, 1]
1923 1464107033.1143910885 0.0000000000
[-0.91333741, -0.39695802, 0.090769634, 0;
 -0.29228246, 0.79428554, 0.53261757, 0;
 -0.2835238, 0.45992917, -0.84147453, 0;
 88.42556, 18.104904, -23.687828, 1]
1927 1464107033.2720944881 0.0000000000
[-0.91338658, -0.40488452, 0.042349622, 0;
 -0.31923923, 0.77693605, 0.54263866, 0;
 -0.25260893, 0.4821192, -0.83889794, 0;
 89.627174, 19.488909, -19.670616, 1]
1928 1464107033.3120632172 0.0000000000
[-0.92096913, -0.38417593, 0.064997591, 0;
 -0.29005742, 0.78737581, 0.54397243, 0;
 -0.26015866, 0.4821288, -0.83658195, 0;
 89.285667, 17.125717, -21.450846, 1]
1936 1464107033.6320014000 0.0000000000
[-0.9265095, -0.36342812, 0.097468704, 0;
 -0.25091788, 0.78978968, 0.55970752, 0;
 -0.28039321, 0.49411768, -0.82293826, 0;
 88.752174, 15.249387, -24.946461, 1]
1940 1464107033.7921500206 0.0000000000
[-0.92249233, -0.37858319, 0.075383388, 0;
 -0.27399033, 0.77973187, 0.56298089, 0;
 -0.27191395, 0.49869126, -0.82302481, 0;
 89.391083, 17.10021, -23.281374, 1]
1942 1464107033.8721833229 0.0000000000
[-0.93158323, -0.35522744, 0.077240929, 0;
 -0.25672317, 0.79329687, 0.55206275, 0;
 -0.25738284, 0.49446285, -0.83021718, 0;
 89.722908, 14.519963, -23.255346, 1]
1950 1464107034.1921219826 0.0000000000
[-0.96018177, -0.27211395, 0.063284643, 0;
 -0.17190267, 0.75401509, 0.6339643, 0;
 -0.22022811, 0.59784216, -0.77076864, 0;
 90.43148, 8.5507631, -24.478821, 1]
1957 1464107034.4722146988 0.0000000000
[-0.96968794, -0.24385759, -0.015450597, 0;
 -0.1930871, 0.7259813, 0.66005194, 0;
 -0.14974183, 0.64302772, -0.75106108, 0;
 92.202103, 6.9438329, -18.075592, 1]
1960 1464107034.5922698975 0.0000000000
[-0.97058588, -0.23308088, -0.060301695, 0;
 -0.21366295, 0.71847743, 0.66192019, 0;
 -0.11095552, 0.65533465, -0.74714482, 0;
 93.120499, 6.2053676, -14.197556, 1]
1965 1464107034.7923233509 0.0000000000
[-0.96865779, -0.19762941, -0.15048175, 0;
 -0.24732511, 0.71106875, 0.65818805, 0;
 -0.023074448, 0.67477685, -0.737661, 0;
 94.548294, 3.2819867, -6.1321502, 1]
1967 1464107034.8722040653 0.0000000000
[-0.97219568, -0.19570215, -0.12859344, 0;
 -0.2305624, 0.70395106, 0.6717841, 0;
 -0.040946092, 0.6827544, -0.7294997, 0;
 93.810455, 3.3511565, -8.2739592, 1]
1971 1464107035.0321843624 0.0000000000
[-0.96857154, -0.17991535, -0.17175451, 0;
 -0.24873114, 0.70447284, 0.66471863, 0;
 0.0014033054, 0.68654823, -0.72708291, 0;
 94.119026, 1.9601769, -4.2660155, 1]
1973 1464107035.1122758389 0.0000000000
[-0.96380067, -0.15890186, -0.21409926, 0;
 -0.26197597, 0.71367294, 0.64964569, 0;
 0.049566943, 0.68221778, -0.72946692, 0;
 94.562958, -0.11795374, -0.32072851, 1]
1976 1464107035.2322847843 0.0000000000
[-0.95751536, -0.15026531, -0.24613945, 0;
 -0.27795228, 0.70834965, 0.64883226, 0;
 0.076855823, 0.68968189, -0.72002226, 0;
 94.462517, -0.68841088, 2.5862844, 1]
1977 1464107035.2722668648 0.0000000000
[-0.95206249, -0.13550201, -0.27425572, 0;
 -0.28671378, 0.70780957, 0.64560115, 0;
 0.10664057, 0.69328558, -0.71272922, 0;
 94.395561, -2.0367968, 5.3283782, 1]
1978 1464107035.3123660088 0.0000000000
[-0.95021546, -0.12758283, -0.2842766, 0;
 -0.28945494, 0.6991744, 0.65373617, 0;
 0.11535343, 0.70347548, -0.70129579, 0;
 94.33532, -2.4718595, 6.0697165, 1]
1979 1464107035.3536639214 0.0000000000
[-0.94814652, -0.11462123, -0.29644582, 0;
 -0.28910691, 0.69851869, 0.65459061, 0;
 0.13204296, 0.70635235, -0.69543582, 0;
 94.222557, -3.6224782, 7.1822033, 1]
1980 1464107035.3924193382 0.0000000000
[-0.95294231, -0.1182507, -0.27913743, 0;
 -0.28095302, 0.69036102, 0.66668361, 0;
 0.11386979, 0.71373552, -0.69109714, 0;
 93.919098, -3.070441, 5.4567342, 1]
1980 1464107035.3924193382 0.0000000000
[-0.94650859, -0.1141732, -0.30180445, 0;
 -0.2934106, 0.69375336, 0.65773588, 0;
 0.13428204, 0.71110529, -0.69014317, 0;
 94.129982, -3.4882801, 7.5568442, 1]
1981 1464107035.4323711395 0.0000000000
[-0.94442827, -0.10705974, -0.31079498, 0;
 -0.29593888, 0.6884892, 0.66211993, 0;
 0.1430926, 0.71730107, -0.68191183, 0;
 94.037743, -3.9617429, 8.2887716, 1]
1982 1464107035.4723842144 0.0000000000
[-0.94341332, -0.099473819, -0.31634837, 0;
 -0.29545298, 0.68533552, 0.66559952, 0;
 0.15059504, 0.72140151, -0.67594451, 0;
 93.950104, -4.5457134, 8.7235985, 1]
1983 1464107035.5123970509 0.0000000000
[-0.93952072, -0.092036828, -0.32989392, 0;
 -0.30064666, 0.68299741, 0.66567725, 0;
 0.16404986, 0.72459906, -0.66936076, 0;
 93.808197, -5.1390438, 9.9803867, 1]
1984 1464107035.5523614883 0.0000000000
[-0.93342108, -0.086270012, -0.34825644, 0;
 -0.31065825, 0.67993402, 0.66421473, 0;
 0.17948957, 0.72818077, -0.66146523, 0;
 93.620178, -5.5486803, 11.712831, 1]
1984 1464107035.5523614883 0.0000000000
[-0.94420224, -0.096628867, -0.31487292, 0;
 -0.29384589, 0.67898518, 0.67278057, 0;
 0.14878401, 0.72776508, -0.66949332, 0;
 93.569328, -4.6522226, 8.5980215, 1]
1985 1464107035.5923187733 0.0000000000
[-0.93078989, -0.083743989, -0.35583302, 0;
 -0.31519783, 0.67687953, 0.66519505, 0;
 0.18515, 0.7313146, -0.65642858, 0;
 93.519714, -5.6469831, 12.361714, 1]
1986 1464107035.6323752403 0.0000000000
[-0.92756546, -0.080408432, -0.36490658, 0;
 -0.31996948, 0.67528492, 0.66453731, 0;
 0.1929815, 0.73316079, -0.65209919, 0;
 93.365562, -5.9104147, 13.227342, 1]
1987 1464107035.6724159718 0.0000000000
[-0.9242931, -0.076724522, -0.37389249, 0;
 -0.32389733, 0.67590153, 0.66200274, 0;
 0.20192267, 0.73298734, -0.64958197, 0;
 93.184502, -6.2545152, 14.101496, 1]
1987 1464107035.6724159718 0.0000000000
[-0.93619335, -0.088096216, -0.34026611, 0;
 -0.30751747, 0.67412525, 0.67155653, 0;
 0.17022039, 0.73334455, -0.65820271, 0;
 93.245872, -5.2424612, 10.925702, 1]
1988 1464107035.7124280930 0.0000000000
[-0.92248207, -0.078775078, -0.37791705, 0;
 -0.32924175, 0.67168272, 0.6636582, 0;
 0.2015606, 0.7366389, -0.64555126, 0;
 93.151894, -5.909924, 14.409934, 1]
1989 1464107035.7524158955 0.0000000000
[-0.93117648, -0.087493271, -0.35391429, 0;
 -0.31893659, 0.66577077, 0.67455816, 0;
 0.17660649, 0.74100888, -0.64785486, 0;
 93.053223, -5.0075517, 12.103034, 1]
1989 1464107035.7524158955 0.0000000000
[-0.91439342, -0.067809276, -0.39910722, 0;
 -0.33851072, 0.66876894, 0.66193551, 0;
 0.22202514, 0.74037153, -0.63447207, 0;
 92.785164, -6.8348322, 16.47525, 1]
1990 1464107035.7924361229 0.0000000000
[-0.91224259, -0.068616904, -0.40386283, 0;
 -0.3430146, 0.66691267, 0.66148961, 0;
 0.22395188, 0.74196982, -0.63192272, 0;
 92.694588, -6.6935773, 16.910273, 1]
1991 1464107035.8324203491 0.0000000000
[-0.91176367, -0.072676159, -0.40423405, 0;
 -0.3471317, 0.66239458, 0.66387725, 0;
 0.21951438, 0.74562162, -0.62917548, 0;
 92.670853, -6.1489592, 16.823051, 1]
1992 1464107035.8723924160 0.0000000000
[-0.92594624, -0.076498486, -0.36982638, 0;
 -0.32552421, 0.65813512, 0.67889041, 0;
 0.19146164, 0.74900341, -0.63429987, 0;
 92.737694, -5.7286015, 13.442338, 1]
1992 1464107035.8723924160 0.0000000000
[-0.90795499, -0.071261942, -0.41296422, 0;
 -0.35396889, 0.65792221, 0.66471374, 0;
 0.22432956, 0.74970663, -0.62258828, 0;
 92.520348, -6.1442161, 17.628773, 1]
1993 1464107035.9124240875 0.0000000000
[-0.90705365, -0.067664079, -0.41554207, 0;
 -0.35416582, 0.6562975, 0.66621327, 0;
 0.22764052, 0.75146198, -0.61926138, 0;
 92.453148, -6.4170475, 17.835842, 1]
1994 1464107035.9523355961 0.0000000000
[-0.90880787, -0.080115631, -0.40945047, 0;
 -0.35950157, 0.6483981, 0.67107272, 0;
 0.21172349, 0.75707424, -0.61807096, 0;
 92.76619, -5.1496377, 17.308743, 1]
1995 1464107035.9924323559 0.0000000000
[-0.90346855, -0.068731315, -0.42310831, 0;
 -0.36290881, 0.64795214, 0.66966802, 0;
 0.22812675, 0.75857371, -0.61034757, 0;
 92.335365, -6.0351281, 18.426159, 1]
1996 1464107036.0323345661 0.0000000000
[-0.90225732, -0.066230521, -0.4260813, 0;
 -0.36432931, 0.6456328, 0.67113519, 0;
 0.23064244, 0.76077056, -0.60665661, 0;
 92.251465, -6.1650686, 18.639612, 1]
1997 1464107036.0724101067 0.0000000000
[-0.89687544, -0.064206459, -0.43759793, 0;
 -0.37446201, 0.63673693, 0.67405069, 0;
 0.23535635, 0.76840329, -0.59511662, 0;
 92.078651, -6.1324267, 19.741648, 1]
1998 1464107036.1146779060 0.0000000000
[-0.89408749, -0.062766157, -0.44347262, 0;
 -0.37740734, 0.63875675, 0.67048752, 0;
 0.24118721, 0.76684433, -0.59479284, 0;
 91.937462, -6.3231053, 20.372204, 1]
2016 1464107036.8325369358 0.0000000000
[-0.80376559, 0.063856691, -0.59150922, 0;
 -0.39688471, 0.68312049, 0.61304891, 0;
 0.44321936, 0.7275086, -0.52372497, 0;
 85.300751, -18.810043, 35.099281, 1]
2017 1464107036.8725211620 0.0000000000
[-0.78531498, 0.064647146, -0.61571187, 0;
 -0.41649458, 0.6806609, 0.60268813, 0;
 0.45805308, 0.72974068, -0.50760806, 0;
 84.299294, -18.776176, 37.611458, 1]
2018 1464107036.9125685692 0.0000000000
[-0.78633595, 0.072215661, -0.6135639, 0;
 -0.40314129, 0.69257653, 0.59817624, 0;
 0.46813768, 0.71772045, -0.51548469, 0;
 84.046692, -19.822739, 37.468624, 1]
2019 1464107036.9591412544 0.0000000000
[-0.78454942, 0.060838461, -0.61707443, 0;
 -0.41180775, 0.6928823, 0.59188551, 0;
 0.46356937, 0.71847951, -0.5185467, 0;
 83.996834, -18.775984, 37.864407, 1]
2020 1464107036.9925105572 0.0000000000
[-0.77971512, 0.073668323, -0.62178558, 0;
 -0.39378357, 0.71438122, 0.57844096, 0;
 0.48680475, 0.69586813, -0.52800447, 0;
 83.246368, -20.669432, 38.663002, 1]
2021 1464107037.0323812962 0.0000000000
[-0.76805305, 0.041074041, -0.63906759, 0;
 -0.41788301, 0.72404057, 0.54876137, 0;
 0.48525071, 0.68853331, -0.53893745, 0;
 82.629578, -17.907131, 40.689499, 1]
2022 1464107037.0724940300 0.0000000000
[-0.76719975, 0.0060126549, -0.64138007, 0;
 -0.43383345, 0.73165935, 0.52579767, 0;
 0.47243315, 0.68164396, -0.55872035, 0;
 82.791512, -15.005494, 41.332897, 1]
2023 1464107037.1155941486 0.0000000000
[-0.75928378, 0.0042698663, -0.65074569, 0;
 -0.43770629, 0.73663199, 0.51554489, 0;
 0.48156136, 0.67628032, -0.55744374, 0;
 82.237579, -14.974098, 42.421814, 1]
2024 1464107037.1528079510 0.0000000000
[-0.752832, -0.0013078072, -0.65821141, 0;
 -0.44197768, 0.74202424, 0.50403947, 0;
 0.48774964, 0.67037177, -0.5591976, 0;
 81.758713, -14.628839, 43.336456, 1]
2025 1464107037.1925632954 0.0000000000
[-0.75071114, -0.0099009173, -0.66055638, 0;
 -0.44482771, 0.74682742, 0.49434513, 0;
 0.48842716, 0.66494417, -0.56505591, 0;
 81.625565, -13.994928, 43.731789, 1]
2026 1464107037.2325310707 0.0000000000
[-0.74655092, -0.01480973, -0.6651634, 0;
 -0.44902766, 0.74894488, 0.48729429, 0;
 0.49095404, 0.66246676, -0.56577551, 0;
 81.368599, -13.605322, 44.290863, 1]
2027 1464107037.2725663185 0.0000000000
[-0.7376433, -0.019054933, -0.67492169, 0;
 -0.45534635, 0.7521143, 0.47642818, 0;
 0.49853992, 0.65875715, -0.56346864, 0;
 80.760193, -13.304321, 45.423161, 1]
2028 1464107037.3158113956 0.0000000000
[-0.72997183, -0.01347426, -0.68334436, 0;
 -0.4557676, 0.75465554, 0.47198617, 0;
 0.50932992, 0.65598285, -0.5570184, 0;
 80.130119, -13.882471, 46.315586, 1]
2029 1464107037.3525269032 0.0000000000
[-0.72571021, -0.0098859761, -0.68792945, 0;
 -0.45571783, 0.75599778, 0.46988147, 0;
 0.51542789, 0.65449953, -0.55314052, 0;
 79.760124, -14.234312, 46.767929, 1]
2042 1464107037.8725328445 0.0000000000
[-0.59863055, -0.0054047396, -0.80100703, 0;
 -0.4753992, 0.80722141, 0.34984171, 0;
 0.64469922, 0.59022403, -0.48579681, 0;
 69.759254, -16.137787, 59.597279, 1]
2055 1464107038.3926568031 0.0000000000
[-0.43875295, -0.0066999989, -0.89858276, 0;
 -0.48657587, 0.8424632, 0.23129991, 0;
 0.7554732, 0.5387122, -0.37289327, 0;
 56.42968, -17.072182, 71.517159, 1]
2058 1464107038.5151314735 0.0000000000
[-0.40970278, -0.0044355677, -0.91220832, 0;
 -0.48638034, 0.84705168, 0.21433067, 0;
 0.77173686, 0.53149205, -0.34919679, 0;
 53.922737, -17.415131, 73.198425, 1]
2072 1464107039.0753724575 0.0000000000
[-0.23884755, -0.025654634, -0.97071815, 0;
 -0.46312302, 0.8816458, 0.090651959, 0;
 0.85350388, 0.47121391, -0.22246018, 0;
 38.669029, -16.64275, 81.715919, 1]
2078 1464107039.3158712387 0.0000000000
[-0.14594705, -0.06336607, -0.98726094, 0;
 -0.46033108, 0.88767821, 0.011076392, 0;
 0.87566817, 0.45608348, -0.15872338, 0;
 30.563049, -13.503696, 85.305115, 1]
2082 1464107039.4728081226 0.0000000000
[-0.078468159, -0.068283767, -0.99457532, 0;
 -0.46987748, 0.88241845, -0.023511982, 0;
 0.87923712, 0.46548361, -0.10132676, 0;
 24.949833, -12.840751, 87.006531, 1]
2086 1464107039.6327016354 0.0000000000
[0.025516823, -0.09495905, -0.99515408, 0;
 -0.46292511, 0.88118845, -0.09595418, 0;
 0.88603002, 0.46313027, -0.021473799, 0;
 15.770303, -10.429036, 89.220032, 1]
2088 1464107039.7151961327 0.0000000000
[0.084353708, -0.12073277, -0.98909456, 0;
 -0.447835, 0.882137, -0.14587016, 0;
 0.8901282, 0.45525587, 0.020343164, 0;
 10.294469, -8.2159605, 90.124176, 1]
2093 1464107039.9155211449 0.0000000000
[0.19477251, -0.14567798, -0.96996987, 0;
 -0.39301124, 0.89446312, -0.21325545, 0;
 0.89866894, 0.42274538, 0.11696374, 0;
 -0.59039575, -6.4960413, 90.56813, 1]
2097 1464107040.0727686882 0.0000000000
[0.24944569, -0.14252473, -0.95784318, 0;
 -0.36044285, 0.9043768, -0.22843717, 0;
 0.89880908, 0.40223038, 0.17422089, 0;
 -6.1163859, -7.1433625, 90.074883, 1]
2101 1464107040.2328419685 0.0000000000
[0.2757538, -0.14624207, -0.95003849, 0;
 -0.33542034, 0.91159236, -0.23768152, 0;
 0.9008069, 0.38420382, 0.2023225, 0;
 -8.9659166, -7.1057687, 89.584473, 1]
2105 1464107040.3928453922 0.0000000000
[0.24219871, -0.15545508, -0.95769173, 0;
 -0.39400908, 0.88626307, -0.24350485, 0;
 0.88662088, 0.43631583, 0.15340105, 0;
 -4.6905947, -5.2837596, 89.779854, 1]
2110 1464107040.5929040909 0.0000000000
[0.21713819, -0.13305221, -0.96703058, 0;
 -0.56122047, 0.79354441, -0.23519965, 0;
 0.79867554, 0.59378821, 0.097637154, 0;
 1.0190129, -3.7874818, 89.701485, 1]
2116 1464107040.8328430653 0.0000000000
[0.27420947, -0.15161195, -0.94964361, 0;
 -0.54923117, 0.78590959, -0.28406203, 0;
 0.78940123, 0.59946638, 0.13223386, 0;
 -4.1414094, -2.004154, 89.294983, 1]
2122 1464107041.0733828545 0.0000000000
[0.31759176, -0.18850094, -0.92930233, 0;
 -0.46118367, 0.82561088, -0.32507887, 0;
 0.82851982, 0.53182143, 0.17527364, 0;
 -9.5989323, -0.30021077, 88.463753, 1]
2129 1464107041.3532063961 0.0000000000
[0.27858779, -0.16335604, -0.9464162, 0;
 -0.4266102, 0.86182672, -0.27433276, 0;
 0.8604607, 0.48017657, 0.17040505, 0;
 -6.7325597, -3.714962, 88.204048, 1]
2137 1464107041.6729891300 0.0000000000
[0.17517811, -0.22080277, -0.95945752, 0;
 -0.49406582, 0.82321995, -0.27965674, 0;
 0.85159355, 0.52302492, 0.035119023, 0;
 3.7054644, 2.3850429, 87.859192, 1]
2144 1464107041.9558284283 0.0000000000
[0.17109719, -0.26151693, -0.94991297, 0;
 -0.37813494, 0.87286568, -0.30841452, 0;
 0.90980202, 0.41196412, 0.050456174, 0;
 1.7194225, 3.7678585, 87.388123, 1]
2152 1464107042.2730593681 0.0000000000
[0.17138256, -0.29622823, -0.93961525, 0;
 -0.31949884, 0.88547099, -0.33743387, 0;
 0.93195951, 0.35803625, 0.057109714, 0;
 0.55053622, 5.9066305, 86.676788, 1]
2160 1464107042.5931355953 0.0000000000
[0.22339007, -0.30098128, -0.92709607, 0;
 -0.22968803, 0.90809333, -0.35015696, 0;
 0.94728047, 0.29116446, 0.13372724, 0;
 -5.8334394, 5.3424864, 86.007172, 1]
2173 1464107043.1160905361 0.0000000000
[0.20794807, -0.19869335, -0.95774662, 0;
 -0.25278094, 0.9349727, -0.24885306, 0;
 0.94491237, 0.2938486, 0.14419988, 0;
 -4.1138115, -3.6243367, 85.216881, 1]
2183 1464107043.5131874084 0.0000000000
[0.29375431, -0.23790421, -0.92580235, 0;
 -0.45111793, 0.81938481, -0.35369638, 0;
 0.84273428, 0.52154589, 0.13337497, 0;
 -7.2999239, 3.837666, 84.191528, 1]
2193 1464107043.9161078930 0.0000000000
[0.29563296, -0.13198078, -0.94614071, 0;
 -0.54773301, 0.78802782, -0.28107071, 0;
 0.78268111, 0.60132623, 0.16067678, 0;
 -5.6232247, -3.4916539, 83.573822, 1]
2202 1464107044.2741708755 0.0000000000
[0.15458716, -0.17584912, -0.97220361, 0;
 -0.59253174, 0.77091527, -0.2336574, 0;
 0.79057503, 0.61218196, 0.014977404, 0;
 6.7229195, 0.41591302, 82.845093, 1]
2210 1464107044.5933067799 0.0000000000
[0.089441717, -0.16153367, -0.98280573, 0;
 -0.59882563, 0.77977127, -0.18266001, 0;
 0.79586935, 0.60486668, -0.026986418, 0;
 12.001781, -1.0448898, 81.624031, 1]
2220 1464107044.9932794571 0.0000000000
[0.11414346, -0.16963664, -0.97887421, 0;
 -0.62088257, 0.75700551, -0.20358649, 0;
 0.77554888, 0.63100404, -0.018917209, 0;
 10.312397, 0.30856073, 80.994408, 1]
2228 1464107045.3191184998 0.0000000000
[0.11397053, -0.14062063, -0.98348182, 0;
 -0.62086016, 0.76273805, -0.18100637, 0;
 0.77559227, 0.63123411, -0.00037609122, 0;
 10.245446, -2.1715484, 80.267914, 1]
2237 1464107045.6734895706 0.0000000000
[0.089350238, -0.15723249, -0.98351133, 0;
 -0.60945112, 0.77238768, -0.17884801, 0;
 0.78777272, 0.61538219, -0.02681249, 0;
 11.837376, -1.2071462, 79.259758, 1]
2246 1464107046.0334982872 0.0000000000
[0.1359918, -0.17433573, -0.97525036, 0;
 -0.63676929, 0.73874855, -0.22085166, 0;
 0.75896716, 0.65104347, -0.010547898, 0;
 8.6543255, 1.0240831, 78.827347, 1]
2256 1464107046.4335405827 0.0000000000
[0.13041988, -0.15476508, -0.97930509, 0;
 -0.58755237, 0.78354794, -0.20207632, 0;
 0.79860687, 0.60174775, 0.011257644, 0;
 8.1917715, -1.819545, 77.938515, 1]
2266 1464107046.8334155083 0.0000000000
[0.13416548, -0.16322258, -0.97742414, 0;
 -0.60867882, 0.76477361, -0.21126141, 0;
 0.78199089, 0.62328136, 0.0032560881, 0;
 8.2362862, -0.59741968, 77.018669, 1]
2275 1464107047.1948633194 0.0000000000
[0.1871305, -0.1584914, -0.96946514, 0;
 -0.62652963, 0.74085808, -0.24205351, 0;
 0.75659949, 0.65269428, 0.039337583, 0;
 4.6040144, -0.2874237, 76.488403, 1]
2285 1464107047.5936710835 0.0000000000
[0.19005968, -0.12009612, -0.97439945, 0;
 -0.60120863, 0.77039653, -0.2122201, 0;
 0.77616078, 0.6261518, 0.074218504, 0;
 4.0327787, -3.9353707, 75.527138, 1]
2294 1464107047.9546058178 0.0000000000
[0.14754848, -0.11451745, -0.98240274, 0;
 -0.62838846, 0.75618267, -0.18252583, 0;
 0.76377833, 0.64426202, 0.039612155, 0;
 7.6332693, -3.8329298, 74.438972, 1]
2303 1464107048.3169002533 0.0000000000
[0.14156736, -0.095435351, -0.98531759, 0;
 -0.66326392, 0.72974825, -0.16597725, 0;
 0.73487389, 0.67702258, 0.040009703, 0;
 8.7394962, -4.4105053, 73.43647, 1]
2315 1464107048.7937471867 0.0000000000
[0.16322435, -0.10778891, -0.98068309, 0;
 -0.63336211, 0.75069046, -0.18792638, 0;
 0.75644583, 0.65180165, 0.05426155, 0;
 6.8110151, -4.0986748, 72.594566, 1]
2325 1464107049.1938171387 0.0000000000
[0.12034591, -0.096633829, -0.98801762, 0;
 -0.64127684, 0.75216883, -0.15167746, 0;
 0.75781322, 0.65184653, 0.028551405, 0;
 10.006718, -4.8144112, 71.296608, 1]
2333 1464107049.5138294697 0.0000000000
[0.15551764, -0.092751026, -0.98346913, 0;
 -0.6428014, 0.74646264, -0.17204621, 0;
 0.75008041, 0.65893149, 0.056467623, 0;
 7.6468639, -4.8668108, 70.850792, 1]
2342 1464107049.8738663197 0.0000000000
[0.17166667, -0.0652771, -0.98299009, 0;
 -0.61525416, 0.77218443, -0.15872449, 0;
 0.76941073, 0.63203645, 0.092396319, 0;
 6.1714134, -7.4240155, 70.006813, 1]
2350 1464107050.1939294338 0.0000000000
[0.14502528, -0.11455125, -0.9827745, 0;
 -0.61449432, 0.76806462, -0.18020408, 0;
 0.77547693, 0.63004345, 0.040997691, 0;
 7.9847684, -3.9264953, 69.407051, 1]
2356 1464107050.4339163303 0.0000000000
[0.1565036, -0.078987993, -0.98451388, 0;
 -0.63030899, 0.75943959, -0.16112748, 0;
 0.76040596, 0.64576495, 0.069068193, 0;
 7.4943423, -6.0548615, 68.799332, 1]
2363 1464107050.7161152363 0.0000000000
[0.20561288, -0.051163375, -0.97729504, 0;
 -0.64160472, 0.74701697, -0.17409492, 0;
 0.73896331, 0.66283327, 0.12076965, 0;
 4.3673701, -7.434032, 68.307388, 1]
2369 1464107050.9543752670 0.0000000000
[0.23436347, -0.061165258, -0.97022295, 0;
 -0.6004802, 0.77576077, -0.19395566, 0;
 0.76452422, 0.62805575, 0.14508146, 0;
 1.8466674, -7.5761309, 67.907372, 1]
2375 1464107051.1939480305 0.0000000000
[0.25285664, -0.081567422, -0.96405929, 0;
 -0.60494858, 0.76430297, -0.22333428, 0;
 0.75505012, 0.63967782, 0.14391498, 0;
 0.69063425, -5.9108219, 67.587242, 1]
2383 1464107051.5140087605 0.0000000000
[0.22884499, -0.054442354, -0.97193933, 0;
 -0.60422271, 0.77488172, -0.18566975, 0;
 0.7632463, 0.6297574, 0.14443249, 0;
 2.2948725, -7.9160213, 66.74276, 1]
2394 1464107051.9540107250 0.0000000000
[0.34982783, -0.023646183, -0.93651551, 0;
 -0.58381653, 0.77631557, -0.23768122, 0;
 0.73265189, 0.62990075, 0.25777176, 0;
 -6.0069327, -9.8301897, 65.355232, 1]
2402 1464107052.2740592957 0.0000000000
[0.39211476, 0.0070426418, -0.91988933, 0;
 -0.56946975, 0.78719068, -0.23671716, 0;
 0.72246122, 0.61666948, 0.31267968, 0;
 -8.9918976, -12.086815, 63.985054, 1]
2411 1464107052.6341209412 0.0000000000
[0.3344878, -0.01941777, -0.94220001, 0;
 -0.58218449, 0.78193593, -0.22279458, 0;
 0.74106622, 0.62305629, 0.25024331, 0;
 -5.0514216, -10.207889, 64.027306, 1]
2420 1464107052.9941926003 0.0000000000
[0.35566679, 0.049396273, -0.93330657, 0;
 -0.62145656, 0.75835675, -0.19668935, 0;
 0.69806367, 0.64996541, 0.30041996, 0;
 -5.8221536, -13.830055, 62.514732, 1]
2428 1464107053.3169391155 0.0000000000
[0.35477188, 0.14001988, -0.92440861, 0;
 -0.62341684, 0.77226853, -0.12228125, 0;
 0.69676989, 0.61967391, 0.36126992, 0;
 -5.7711129, -19.757893, 60.250546, 1]
2435 1464107053.5942766666 0.0000000000
[0.41066608, 0.10614758, -0.90558606, 0;
 -0.62602103, 0.75492805, -0.19540031, 0;
 0.66291106, 0.64716017, 0.37647396, 0;
 -9.363471, -17.125479, 59.985947, 1]
2442 1464107053.8773133755 0.0000000000
[0.33335435, 0.12706821, -0.93419939, 0;
 -0.65630996, 0.74264401, -0.13318071, 0;
 0.67685461, 0.65752071, 0.33095974, 0;
 -4.1051183, -18.04269, 59.74469, 1]
2448 1464107054.1170163155 0.0000000000
[0.30904263, 0.15065533, -0.93903977, 0;
 -0.67675406, 0.72856212, -0.10583586, 0;
 0.66820407, 0.66820669, 0.32711333, 0;
 -2.3473308, -19.068146, 58.965981, 1]
2454 1464107054.3543434143 0.0000000000
[0.30518204, 0.1402695, -0.94190675, 0;
 -0.64930767, 0.75417674, -0.098066024, 0;
 0.69660854, 0.64151531, 0.32123926, 0;
 -2.5676839, -18.956724, 58.490776, 1]
2460 1464107054.5955331326 0.0000000000
[0.25525579, 0.12872225, -0.95826668, 0;
 -0.64845693, 0.75794077, -0.070918195, 0;
 0.71718067, 0.63949698, 0.2769396, 0;
 0.38097981, -18.339108, 58.218018, 1]
2469 1464107054.9604306221 0.0000000000
[0.17133084, -0.15384433, -0.97312778, 0;
 -0.57280946, 0.78807771, -0.22543927, 0;
 0.80158287, 0.5960415, 0.046898525, 0;
 4.0914006, -2.6763456, 60.120701, 1]
2477 1464107055.2744266987 0.0000000000
[0.16290142, -0.30832693, -0.93722868, 0;
 -0.56657839, 0.74844581, -0.34469965, 0;
 0.80774504, 0.58716559, -0.052768487, 0;
 4.3499594, 6.6712341, 59.10194, 1]
2486 1464107055.6344349384 0.0000000000
[0.12380121, -0.2945849, -0.94757217, 0;
 -0.55893791, 0.76832062, -0.31188425, 0;
 0.81991565, 0.56824565, -0.069535643, 0;
 6.2814412, 5.3019595, 58.339886, 1]
2503 1464107056.3169124126 0.0000000000
[-0.016478492, -0.38021165, -0.92475271, 0;
 -0.62225199, 0.72784799, -0.28816622, 0;
 0.78264356, 0.57068068, -0.24858131, 0;
 14.63893, 10.410384, 54.655899, 1]
2511 1464107056.6346671581 0.0000000000
[-0.050394274, -0.39795175, -0.91602117, 0;
 -0.60689735, 0.74062246, -0.28836435, 0;
 0.79318094, 0.54139894, -0.27883899, 0;
 16.025442, 10.907055, 53.459511, 1]
2520 1464107056.9958860874 0.0000000000
[-0.08846353, -0.4058803, -0.90963477, 0;
 -0.61815691, 0.73845452, -0.26938263, 0;
 0.78106099, 0.53846645, -0.31622401, 0;
 17.936489, 11.110531, 51.958881, 1]
2537 1464107057.6746754646 0.0000000000
[-0.13416186, -0.43433347, -0.89070481, 0;
 -0.65718973, 0.71173161, -0.24807215, 0;
 0.74168879, 0.55208021, -0.38092673, 0;
 20.338285, 12.720535, 49.124062, 1]
2545 1464107057.9948217869 0.0000000000
[-0.16935004, -0.43518117, -0.88427252, 0;
 -0.63655984, 0.73327345, -0.23895954, 0;
 0.75240421, 0.52242458, -0.40119874, 0;
 21.600714, 12.070646, 48.050495, 1]
2554 1464107058.3546383381 0.0000000000
[-0.23553656, -0.43961519, -0.86675316, 0;
 -0.65273398, 0.73231345, -0.19404992, 0;
 0.72004223, 0.52005339, -0.45943835, 0;
 24.809059, 12.126952, 45.640572, 1]
2563 1464107058.7175559998 0.0000000000
[-0.21636689, -0.42656806, -0.87819421, 0;
 -0.68431807, 0.70782036, -0.17521158, 0;
 0.69634342, 0.5630542, -0.44505712, 0;
 23.962317, 11.701194, 45.347908, 1]
2572 1464107059.0748019218 0.0000000000
[-0.18998289, -0.4314757, -0.88189298, 0;
 -0.65560603, 0.72438622, -0.21317907, 0;
 0.73081273, 0.53767401, -0.42049906, 0;
 21.974442, 11.419161, 45.597446, 1]
2581 1464107059.4348056316 0.0000000000
[-0.22407234, -0.44290805, -0.86811525, 0;
 -0.65906906, 0.72505575, -0.19980516, 0;
 0.71792728, 0.52737707, -0.45437196, 0;
 23.352398, 11.726974, 43.969234, 1]
2590 1464107059.7968897820 0.0000000000
[-0.22305965, -0.43250951, -0.87360168, 0;
 -0.67223889, 0.71724439, -0.18345393, 0;
 0.70593148, 0.54634786, -0.45073801, 0;
 23.23892, 11.123609, 43.35783, 1]
2614 1464107060.7550523281 0.0000000000
[-0.059162006, -0.30498734, -0.950517, 0;
 -0.62477106, 0.75394988, -0.20302893, 0;
 0.77856344, 0.58184391, -0.23515244, 0;
 14.363881, 4.227489, 46.131329, 1]
2624 1464107061.1550652981 0.0000000000
[0.037970737, -0.24397446, -0.96903801, 0;
 -0.63660371, 0.74157888, -0.21165179, 0;
 0.7702558, 0.62492973, -0.12715675, 0;
 9.9353275, 1.6078413, 46.633858, 1]
2632 1464107061.4750823975 0.0000000000
[0.080446556, -0.19279997, -0.97793484, 0;
 -0.5802235, 0.78869617, -0.20322171, 0;
 0.81047457, 0.58376926, -0.048419178, 0;
 7.1792054, -1.6191413, 46.485779, 1]
2658 1464107062.5179123878 0.0000000000
[0.18870777, -0.21028003, -0.95925581, 0;
 -0.57824355, 0.76572233, -0.28160912, 0;
 0.79374033, 0.60782534, 0.022904683, 0;
 2.0721242, -0.62681657, 44.929558, 1]
2668 1464107062.9176793098 0.0000000000
[0.18956548, -0.23703963, -0.9528259, 0;
 -0.60134047, 0.73910266, -0.30350772, 0;
 0.77617949, 0.63050735, -0.0024331666, 0;
 2.2404232, 0.86051071, 44.078018, 1]
2678 1464107063.3181605339 0.0000000000
[0.15237799, -0.23373032, -0.96028697, 0;
 -0.63979453, 0.71724045, -0.27609608, 0;
 0.75328869, 0.65645736, -0.04024772, 0;
 4.2914305, 0.92578369, 43.111279, 1]
2689 1464107063.7558770180 0.0000000000
[0.19587947, -0.20282075, -0.95942432, 0;
 -0.59373254, 0.7541365, -0.28064176, 0;
 0.7804569, 0.62461334, 0.027298594, 0;
 1.9227569, -0.99265081, 42.387192, 1]
2698 1464107064.1199882030 0.0000000000
[0.19876605, -0.24372302, -0.94925821, 0;
 -0.61251241, 0.7252214, -0.31445587, 0;
 0.76506251, 0.64393556, -0.0051339772, 0;
 2.0104103, 1.0647362, 41.631855, 1]
2707 1464107064.4758605957 0.0000000000
[0.22265287, -0.22865975, -0.94770271, 0;
 -0.62289655, 0.71443486, -0.3187204, 0;
 0.74995041, 0.66128474, 0.016639611, 0;
 1.2609047, 0.50913846, 40.938744, 1]
2717 1464107064.8753287792 0.0000000000
[0.23572975, -0.20402683, -0.95016026, 0;
 -0.59620899, 0.74173468, -0.30718815, 0;
 0.76744145, 0.63890743, 0.053206295, 0;
 0.48138553, -0.92046291, 40.184021, 1]
2726 1464107065.2354960442 0.0000000000
[0.18214768, -0.2034905, -0.96198434, 0;
 -0.60063869, 0.7515732, -0.2727102, 0;
 0.77849561, 0.62747854, 0.014673057, 0;
 2.5965083, -1.1037799, 39.379566, 1]
2734 1464107065.5554406643 0.0000000000
[0.1819312, -0.21609814, -0.95927191, 0;
 -0.62495756, 0.7277621, -0.28247187, 0;
 0.75916344, 0.6508947, -0.0026495326, 0;
 2.9530051, -0.39832905, 38.76199, 1]
2742 1464107065.8755965233 0.0000000000
[0.16804324, -0.20749013, -0.96369565, 0;
 -0.60437202, 0.75062931, -0.26700214, 0;
 0.77877849, 0.62729859, 0.00073695346, 0;
 3.2396617, -1.0439476, 38.126305, 1]
2752 1464107066.2755949497 0.0000000000
[0.13415459, -0.25470975, -0.9576667, 0;
 -0.61127967, 0.73936194, -0.28227845, 0;
 0.77996135, 0.62327111, -0.056510095, 0;
 4.5271935, 0.68944395, 37.248447, 1]
2767 1464107066.8782789707 0.0000000000
[0.15553308, -0.23755533, -0.95884144, 0;
 -0.65415972, 0.70255238, -0.28016993, 0;
 0.74019217, 0.67081118, -0.046129007, 0;
 4.1954041, 0.48916537, 36.178288, 1]
2777 1464107067.2755961418 0.0000000000
[0.16534531, -0.21175741, -0.96323401, 0;
 -0.61079991, 0.74483651, -0.26859263, 0;
 0.77432835, 0.63275379, -0.0061861686, 0;
 3.3210211, -1.1095872, 35.513332, 1]
2785 1464107067.5971300602 0.0000000000
[0.16596518, -0.22768357, -0.95948726, 0;
 -0.61629844, 0.73561168, -0.2811614, 0;
 0.76982582, 0.63799345, -0.018235108, 0;
 3.2873435, -0.46507463, 34.900944, 1]
2804 1464107068.3558552265 0.0000000000
[0.25818291, -0.17128572, -0.95079064, 0;
 -0.5957613, 0.74652302, -0.29626304, 0;
 0.76053274, 0.64293432, 0.090694085, 0;
 0.00057685154, -2.641072, 33.521748, 1]
2814 1464107068.7561881542 0.0000000000
[0.22216193, -0.16526861, -0.96090078, 0;
 -0.60504168, 0.7494517, -0.26878744, 0;
 0.76457089, 0.64109939, 0.066505238, 0;
 1.2016593, -2.8917415, 32.72686, 1]
2823 1464107069.1219701767 0.0000000000
[0.25753582, -0.18955478, -0.94749367, 0;
 -0.63466638, 0.70621091, -0.31379098, 0;
 0.72861093, 0.68215477, 0.061570566, 0;
 0.45916069, -1.6854652, 32.133034, 1]
2834 1464107069.5559849739 0.0000000000
[0.22936371, -0.19733392, -0.95312726, 0;
 -0.64011669, 0.70709872, -0.30043638, 0;
 0.73324138, 0.67902189, 0.035866059, 0;
 1.21912, -1.7880689, 31.062664, 1]
2843 1464107069.9188752174 0.0000000000
[0.18285953, -0.197841, -0.96302718, 0;
 -0.62386143, 0.7337122, -0.2691901, 0;
 0.75984162, 0.65001953, 0.010740885, 0;
 2.608216, -1.8845102, 30.532234, 1]
2852 1464107070.2760095596 0.0000000000
[0.22803016, -0.20840944, -0.95108765, 0;
 -0.63983995, 0.70421177, -0.30771843, 0;
 0.73389852, 0.67871296, 0.027232831, 0;
 1.5353982, -1.3182642, 29.930986, 1]
2861 1464107070.6365914345 0.0000000000
[0.23664798, -0.20813596, -0.94904011, 0;
 -0.63929844, 0.70219016, -0.31341109, 0;
 0.73163873, 0.68088794, 0.033110887, 0;
 1.3778137, -1.5824504, 29.286835, 1]
2881 1464107071.4367344379 0.0000000000
[0.26259255, -0.22651485, -0.9379425, 0;
 -0.65431696, 0.6726163, -0.34562495, 0;
 0.70916462, 0.70447028, 0.028411532, 0;
 0.89194697, -1.0839891, 27.672478, 1]
2901 1464107072.2374589443 0.0000000000
[0.21157952, -0.20570035, -0.95546925, 0;
 -0.63818049, 0.71134871, -0.29446328, 0;
 0.74024302, 0.67206424, 0.019232864, 0;
 2.2405739, -1.9203074, 26.244236, 1]
2910 1464107072.5961854458 0.0000000000
[0.23721604, -0.17339098, -0.95585781, 0;
 -0.62885773, 0.72255892, -0.28713512, 0;
 0.7404502, 0.66921163, 0.062364299, 0;
 1.6397375, -2.7407982, 25.622952, 1]
2919 1464107072.9568295479 0.0000000000
[0.25541624, -0.1695521, -0.95184803, 0;
 -0.60826159, 0.73707485, -0.29451391, 0;
 0.75151873, 0.6541962, 0.085128866, 0;
 1.0466753, -3.0289679, 24.980398, 1]
2930 1464107073.3963847160 0.0000000000
[0.2100108, -0.1782576, -0.96131146, 0;
 -0.62330568, 0.73310709, -0.27211037, 0;
 0.75324994, 0.65633696, 0.042851437, 0;
 2.2765584, -2.7980506, 24.112398, 1]
2939 1464107073.7594048977 0.0000000000
[0.25512707, -0.15870506, -0.95379394, 0;
 -0.63445884, 0.7168982, -0.2889964, 0;
 0.7296384, 0.67887378, 0.082208328, 0;
 1.4267995, -3.0401313, 23.461435, 1]
2948 1464107074.1163988113 0.0000000000
[0.23479412, -0.18559167, -0.95416325, 0;
 -0.60770887, 0.73809165, -0.29310513, 0;
 0.75865781, 0.64867282, 0.060513884, 0;
 1.6111085, -2.7862172, 22.78998, 1]
2966 1464107074.8365256786 0.0000000000
[0.26263192, -0.17694992, -0.9485321, 0;
 -0.64517021, 0.69876957, -0.30899271, 0;
 0.71748161, 0.69311601, 0.069356389, 0;
 1.3935516, -2.5969698, 21.486864, 1]
2975 1464107075.1965751648 0.0000000000
[0.25810069, -0.20269239, -0.94461626, 0;
 -0.6119476, 0.72229654, -0.32219234, 0;
 0.74759895, 0.6612137, 0.062388115, 0;
 1.3007681, -2.4304688, 20.874069, 1]
2984 1464107075.5581777096 0.0000000000
[0.25520143, -0.17371362, -0.95115501, 0;
 -0.61286044, 0.73180974, -0.29808831, 0;
 0.74784648, 0.65899783, 0.080296673, 0;
 1.423758, -3.0656166, 20.127375, 1]
2993 1464107075.9188110828 0.0000000000
[0.32023704, -0.17108963, -0.93175995, 0;
 -0.61310828, 0.71236229, -0.34152335, 0;
 0.7221818, 0.68063813, 0.12322832, 0;
 0.36113676, -2.9492948, 19.514095, 1]
3002 1464107076.2766158581 0.0000000000
[0.29543248, -0.16465886, -0.94106698, 0;
 -0.59798342, 0.7363438, -0.31656539, 0;
 0.74507415, 0.65626615, 0.11907662, 0;
 0.7942903, -3.3555126, 18.799772, 1]
3011 1464107076.6366889477 0.0000000000
[0.2382043, -0.17706126, -0.95493877, 0;
 -0.6195296, 0.72951853, -0.28980297, 0;
 0.74795842, 0.66064513, 0.064079769, 0;
 1.9941841, -3.0669084, 18.101402, 1]
3031 1464107077.4366126060 0.0000000000
[0.28897744, -0.18740468, -0.93881387, 0;
 -0.60424775, 0.7249276, -0.33070323, 0;
 0.74254745, 0.66284192, 0.09624888, 0;
 1.3432705, -2.9538198, 16.747, 1]
3039 1464107077.7570233345 0.0000000000
[0.27190569, -0.19170348, -0.94303608, 0;
 -0.60311425, 0.72967345, -0.32222641, 0;
 0.74988031, 0.65637368, 0.082783282, 0;
 1.6802406, -2.9034576, 16.165306, 1]
3045 1464107078.1971659660 0.0000000000
[0.33108342, -0.180415, -0.92619342, 0;
 -0.60956496, 0.708363, -0.35588264, 0;
 0.72028768, 0.68240184, 0.12455258, 0;
 1.0823549, -2.9254904, 15.46027, 1]
3055 1464107078.5968554020 0.0000000000
[0.33554706, -0.18787728, -0.92309821, 0;
 -0.58246517, 0.7287643, -0.36005133, 0;
 0.74036646, 0.65848672, 0.13510273, 0;
 0.9770593, -3.0962722, 14.747339, 1]
3065 1464107078.9969644547 0.0000000000
[0.33675778, -0.18970726, -0.9222827, 0;
 -0.59480906, 0.71645099, -0.36455476, 0;
 0.72992903, 0.67134875, 0.12843083, 0;
 1.1865351, -2.9872382, 14.079389, 1]
3074 1464107079.3569459915 0.0000000000
[0.37868196, -0.17378646, -0.90906447, 0;
 -0.59342563, 0.70815319, -0.38257685, 0;
 0.71024358, 0.68433714, 0.16503549, 0;
 0.76235342, -3.1212218, 13.433162, 1]
3083 1464107079.7197890282 0.0000000000
[0.38368163, -0.19763596, -0.90206897, 0;
 -0.56064153, 0.72635776, -0.39759961, 0;
 0.73380482, 0.65828902, 0.16788718, 0;
 0.59000874, -3.1098804, 12.854523, 1]
3092 1464107080.0769629478 0.0000000000
[0.36106807, -0.15662207, -0.91929287, 0;
 -0.58523768, 0.72944003, -0.35413855, 0;
 0.72603494, 0.66587293, 0.17171639, 0;
 1.108024, -3.5938728, 12.092661, 1]
3100 1464107080.3969712257 0.0000000000
[0.42038685, -0.17810959, -0.88969201, 0;
 -0.59308892, 0.68813032, -0.4179979, 0;
 0.68667346, 0.70338726, 0.18364611, 0;
 0.67205936, -3.076405, 11.708292, 1]
3108 1464107080.7171435356 0.0000000000
[0.44015726, -0.12264212, -0.88950574, 0;
 -0.55832386, 0.73845768, -0.37809348, 0;
 0.70323259, 0.66305286, 0.25656351, 0;
 0.35080004, -4.0620389, 10.891877, 1]
3116 1464107081.0372328758 0.0000000000
[0.4560459, -0.14828452, -0.87751573, 0;
 -0.53906852, 0.73852485, -0.40495205, 0;
 0.70811528, 0.65771782, 0.25686571, 0;
 0.18858771, -3.8329134, 10.371198, 1]
3123 1464107081.3171555996 0.0000000000
[0.4733451, -0.12583482, -0.87184286, 0;
 -0.54422694, 0.73647594, -0.40177134, 0;
 0.69264811, 0.66465688, 0.28012457, 0;
 0.23607516, -4.071136, 9.8158789, 1]
3130 1464107081.5984723568 0.0000000000
[0.52369541, -0.1102701, -0.84473878, 0;
 -0.53436822, 0.72973621, -0.42653924, 0;
 0.66347098, 0.67477816, 0.32323465, 0;
 -0.070881642, -4.0974236, 9.2707796, 1]
3137 1464107081.8801949024 0.0000000000
[0.52759665, -0.11173302, -0.84211493, 0;
 -0.49844435, 0.76201326, -0.4133873, 0;
 0.68789172, 0.63784915, 0.34634292, 0;
 -0.16561127, -4.3728843, 8.6767988, 1]
3144 1464107082.1572701931 0.0000000000
[0.51762015, -0.12848152, -0.84590894, 0;
 -0.49397925, 0.76236939, -0.41806391, 0;
 0.69860858, 0.6342597, 0.33115053, 0;
 0.029575346, -4.2359195, 8.226573, 1]
3150 1464107082.4009926319 0.0000000000
[0.51349753, -0.0915161, -0.85319698, 0;
 -0.51846498, 0.759193, -0.39347175, 0;
 0.68375021, 0.64439952, 0.34239587, 0;
 0.35958633, -4.4832149, 7.6791191, 1]
3159 1464107082.7573668957 0.0000000000
[0.53679568, -0.060565773, -0.84153563, 0;
 -0.51419199, 0.76730281, -0.38321409, 0;
 0.66892231, 0.63841856, 0.38074237, 0;
 0.40507248, -4.6619353, 6.87181, 1]
3170 1464107083.1973721981 0.0000000000
[0.60362291, -0.047546349, -0.79585093, 0;
 -0.44745275, 0.80598283, -0.38752767, 0;
 0.6598677, 0.59002626, 0.46523497, 0;
 -0.12843201, -4.9933667, 5.8761654, 1]
3177 1464107083.4773631096 0.0000000000
[0.69580954, 0.063297041, -0.71543175, 0;
 -0.43426383, 0.83048153, -0.34887728, 0;
 0.57206994, 0.55343825, 0.60534459, 0;
 -0.4500038, -5.5970473, 4.8245525, 1]
3184 1464107083.7573671341 0.0000000000
[0.76711929, 0.043932691, -0.63999838, 0;
 -0.37744254, 0.83760303, -0.39491549, 0;
 0.5187149, 0.54450989, 0.65912348, 0;
 -0.84485531, -5.5139079, 4.3395896, 1]
3192 1464107084.0776340961 0.0000000000
[0.75945026, 0.094040819, -0.64373261, 0;
 -0.37990102, 0.86736667, -0.32148141, 0;
 0.5281198, 0.48870382, 0.69444799, 0;
 -0.57712144, -5.7526927, 3.4521189, 1]
3198 1464107084.3227727413 0.0000000000
[0.75537086, 0.069734164, -0.65157658, 0;
 -0.36184946, 0.87337059, -0.32601964, 0;
 0.54633307, 0.48203835, 0.68495196, 0;
 -0.48347741, -5.6530085, 3.1356037, 1]
3206 1464107084.6380615234 0.0000000000
[0.73816633, 0.09122166, -0.66842282, 0;
 -0.40313476, 0.85409606, -0.32863697, 0;
 0.54091847, 0.51205325, 0.66723961, 0;
 0.048308738, -5.5061779, 2.757453, 1]
3213 1464107084.9206559658 0.0000000000
[0.73650599, 0.068897881, -0.67291307, 0;
 -0.40752664, 0.83918875, -0.36011708, 0;
 0.53988975, 0.53945839, 0.64614522, 0;
 0.359027, -5.3147192, 2.5330522, 1]
3221 1464107085.2374985218 0.0000000000
[0.72673398, 0.07582923, -0.68272072, 0;
 -0.40572318, 0.84938592, -0.33753854, 0;
 0.5542981, 0.52229637, 0.64804327, 0;
 0.62865114, -5.2555175, 1.9638013, 1]
3230 1464107085.5976040363 0.0000000000
[0.67696172, 0.057025872, -0.73380572, 0;
 -0.42797345, 0.84161967, -0.32941628, 0;
 0.59880006, 0.53705162, 0.59414989, 0;
 1.0754931, -5.0693069, 1.4700128, 1]
3237 1464107085.8776865005 0.0000000000
[0.69038934, 0.056719888, -0.72121108, 0;
 -0.448107, 0.81617665, -0.36476818, 0;
 0.56794602, 0.57501179, 0.58889621, 0;
 1.4762114, -4.9335012, 1.238498, 1]
3253 1464107086.5195875168 0.0000000000
[0.68211305, 0.015405362, -0.73108447, 0;
 -0.41202414, 0.83406085, -0.3668496, 0;
 0.60411745, 0.55145735, 0.57527113, 0;
 1.8753394, -4.8218789, 0.34602636, 1]
3259 1464107086.7577357292 0.0000000000
[0.64913851, 0.018375948, -0.76044822, 0;
 -0.4374246, 0.82689613, -0.35341546, 0;
 0.62231737, 0.56205434, 0.54480827, 0;
 2.1533933, -4.6848855, -0.056992069, 1]
3266 1464107087.0377204418 0.0000000000
[0.63699585, 0.00083181175, -0.77086675, 0;
 -0.46544141, 0.79755849, -0.38375095, 0;
 0.61449212, 0.60324109, 0.50842863, 0;
 2.5484614, -4.5865898, -0.2643798, 1]
3272 1464107087.2778284550 0.0000000000
[0.6316666, 0.00075316883, -0.77523977, 0;
 -0.46510339, 0.80040717, -0.37818938, 0;
 0.62022263, 0.59945625, 0.50594079, 0;
 2.7394464, -4.5003219, -0.65543944, 1]
3278 1464107087.5241854191 0.0000000000
[0.60695899, 0.0084892418, -0.79468781, 0;
 -0.46915549, 0.81094271, -0.34966415, 0;
 0.64147794, 0.58506393, 0.49619174, 0;
 2.8840272, -4.4935765, -1.1618456, 1]
3287 1464107087.8777787685 0.0000000000
[0.586321, -0.022485489, -0.80976671, 0;
 -0.46228012, 0.81158227, -0.35725522, 0;
 0.66522533, 0.58380526, 0.46545312, 0;
 3.0304329, -4.4682965, -1.7074236, 1]
3293 1464107088.1178271770 0.0000000000
[0.58793259, -0.024225898, -0.80854708, 0;
 -0.48167387, 0.79253948, -0.37399396, 0;
 0.64986581, 0.60933924, 0.45429078, 0;
 3.3208377, -4.4135423, -1.9823072, 1]
3302 1464107088.4779045582 0.0000000000
[0.60045993, -0.043387599, -0.79847693, 0;
 -0.47468135, 0.78422952, -0.39957693, 0;
 0.64352584, 0.61895204, 0.45030308, 0;
 3.6079235, -4.3735237, -2.4096589, 1]
3308 1464107088.7196960449 0.0000000000
[0.58509141, -0.049021978, -0.8094843, 0;
 -0.46091306, 0.80118102, -0.3816649, 0;
 0.66725343, 0.59641075, 0.44616929, 0;
 3.6072426, -4.4590201, -2.8958218, 1]
3314 1464107088.9579441547 0.0000000000
[0.57730436, -0.070042379, -0.81351936, 0;
 -0.4356162, 0.81626445, -0.37940863, 0;
 0.69062161, 0.57341647, 0.44072145, 0;
 3.5441787, -4.5419831, -3.335233, 1]
3321 1464107089.2380781174 0.0000000000
[0.54829597, -0.15977456, -0.82087976, 0;
 -0.45398137, 0.76749045, -0.45261392, 0;
 0.70233357, 0.62083054, 0.34827727, 0;
 3.5730441, -4.8952675, -3.3610559, 1]
3328 1464107089.5214483738 0.0000000000
[0.57907528, -0.22915959, -0.78240508, 0;
 -0.44449103, 0.71576375, -0.53861856, 0;
 0.68344682, 0.65967274, 0.31262174, 0;
 3.8986917, -5.2070928, -3.1986699, 1]
3334 1464107089.7581162453 0.0000000000
[0.52969432, -0.3062171, -0.79098356, 0;
 -0.45643064, 0.68311268, -0.57011241, 0;
 0.71490908, 0.66301441, 0.22207405, 0;
 3.6945097, -5.6047888, -3.3186848, 1]
3341 1464107090.0392591953 0.0000000000
[0.50830722, -0.3601312, -0.78225911, 0;
 -0.43514132, 0.67646444, -0.59417832, 0;
 0.74315262, 0.64241838, 0.18714377, 0;
 3.5409632, -6.049973, -3.521668, 1]
3348 1464107090.3198962212 0.0000000000
[0.48140094, -0.41403571, -0.77254617, 0;
 -0.44094288, 0.64734459, -0.62170279, 0;
 0.75751072, 0.63993704, 0.12906621, 0;
 3.4122369, -6.4218888, -3.6660802, 1]
3355 1464107090.5986793041 0.0000000000
[0.49515826, -0.43153712, -0.75405174, 0;
 -0.45107469, 0.61408198, -0.64763796, 0;
 0.74252939, 0.66081697, 0.10941228, 0;
 3.6398256, -6.6916208, -3.7829382, 1]
3362 1464107090.8781239986 0.0000000000
[0.49125099, -0.48452356, -0.72381586, 0;
 -0.47030041, 0.55190361, -0.6886363, 0;
 0.73313713, 0.67870414, 0.043251574, 0;
 3.688962, -7.1041713, -3.6863267, 1]
3369 1464107091.1581101418 0.0000000000
[0.48685735, -0.54993808, -0.67862952, 0;
 -0.43618327, 0.52005732, -0.73435998, 0;
 0.75677878, 0.65353537, 0.013319911, 0;
 3.4796474, -7.7257347, -3.4254405, 1]
3382 1464107091.6782965660 0.0000000000
[0.3031249, -0.64084929, -0.70528543, 0;
 -0.45635095, 0.55210519, -0.69779915, 0;
 0.83657581, 0.53337795, -0.12509534, 0;
 1.7623276, -8.5437012, -3.9796844, 1]
3390 1464107091.9985337257 0.0000000000
[0.24577573, -0.66617548, -0.70413387, 0;
 -0.46964866, 0.55361879, -0.68770373, 0;
 0.84795308, 0.4997164, -0.17680235, 0;
 1.1946436, -8.7741737, -4.1604505, 1]
3397 1464107092.2787678242 0.0000000000
[0.155738, -0.69160253, -0.70528829, 0;
 -0.50105274, 0.56001878, -0.65979171, 0;
 0.85128832, 0.45614126, -0.25931314, 0;
 0.33789799, -9.0092382, -4.2593169, 1]
3404 1464107092.5586013794 0.0000000000
[-0.00018082625, -0.73053598, -0.68287414, 0;
 -0.54192823, 0.57397592, -0.61389363, 0;
 0.84042472, 0.36995777, -0.39600188, 0;
 -1.0193568, -9.1932764, -4.000267, 1]
3410 1464107092.7984132767 0.0000000000
[-0.11309147, -0.72187853, -0.68271637, 0;
 -0.55556738, 0.61561304, -0.55889666, 0;
 0.8237446, 0.31608853, -0.47067279, 0;
 -2.0613925, -9.1149111, -4.0853906, 1]
3416 1464107093.0384218693 0.0000000000
[-0.17491218, -0.69988346, -0.69250911, 0;
 -0.55783677, 0.65001565, -0.51604044, 0;
 0.81130993, 0.2960453, -0.50411642, 0;
 -2.7323627, -8.919899, -4.3531127, 1]
3422 1464107093.2807307243 0.0000000000
[-0.23204896, -0.67088151, -0.70432329, 0;
 -0.57178444, 0.67985576, -0.45919353, 0;
 0.78690267, 0.2961657, -0.54135942, 0;
 -3.2743309, -8.7615423, -4.6216459, 1]
3429 1464107093.5584132671 0.0000000000
[-0.38249636, -0.67936605, -0.62622547, 0;
 -0.58461761, 0.70279157, -0.40534705, 0;
 0.71548498, 0.21105866, -0.66598457, 0;
 -4.6656308, -8.6916542, -3.8348219, 1]
3435 1464107093.7983477116 0.0000000000
[-0.47129187, -0.66097468, -0.58394903, 0;
 -0.58277571, 0.73034203, -0.35633266, 0;
 0.66200942, 0.17237464, -0.72940427, 0;
 -5.5262074, -8.4815941, -3.5024478, 1]
3441 1464107094.0390610695 0.0000000000
[-0.48939911, -0.63668489, -0.59592021, 0;
 -0.57609135, 0.74904972, -0.32717469, 0;
 0.65468103, 0.1831855, -0.73337293, 0;
 -5.8518071, -8.338418, -3.8452892, 1]
3448 1464107094.3216469288 0.0000000000
[-0.53417468, -0.64344311, -0.54830503, 0;
 -0.56709749, 0.75375104, -0.33205387, 0;
 0.62694329, 0.13356763, -0.76752973, 0;
 -6.4071941, -8.3048058, -3.4314065, 1]
3455 1464107094.5985546112 0.0000000000
[-0.65580553, -0.58761501, -0.47394907, 0;
 -0.54563421, 0.80281532, -0.24035582, 0;
 0.52173024, 0.10097615, -0.84711355, 0;
 -7.5721869, -7.7097487, -2.7639365, 1]
3461 1464107094.8385415077 0.0000000000
[-0.68991029, -0.58560616, -0.42554581, 0;
 -0.5589968, 0.80448586, -0.20081089, 0;
 0.45994169, 0.09933725, -0.88237506, 0;
 -7.8577199, -7.7555151, -2.4216855, 1]
3467 1464107095.0793063641 0.0000000000
[-0.69822383, -0.60027498, -0.39006853, 0;
 -0.57873136, 0.79402572, -0.18599235, 0;
 0.42137098, 0.095880583, -0.90180564, 0;
 -7.9608998, -7.9275599, -2.2420392, 1]
3472 1464107095.2785491943 0.0000000000
[-0.72396117, -0.56527263, -0.39540741, 0;
 -0.55273896, 0.81828052, -0.15778676, 0;
 0.41274673, 0.10432559, -0.90485156, 0;
 -8.3492584, -7.6605458, -2.5087972, 1]
3477 1464107095.4785542488 0.0000000000
[-0.75455612, -0.5658254, -0.33239534, 0;
 -0.53786027, 0.82343358, -0.18073024, 0;
 0.37596726, 0.042411145, -0.92566186, 0;
 -8.7310829, -7.6797519, -1.9350493, 1]
3482 1464107095.6804130077 0.0000000000
[-0.80043602, -0.54789811, -0.2431251, 0;
 -0.50741732, 0.83527124, -0.21177731, 0;
 0.3191078, -0.0461483, -0.94659418, 0;
 -9.2793159, -7.4306931, -1.071115, 1]
3487 1464107095.8787426949 0.0000000000
[-0.85371006, -0.49842876, -0.15082392, 0;
 -0.47659326, 0.86454922, -0.15941601, 0;
 0.20985223, -0.064213388, -0.97562218, 0;
 -9.8208666, -6.952404, -0.22255482, 1]
3491 1464107096.0385727882 0.0000000000
[-0.86269778, -0.49581608, -0.099594012, 0;
 -0.47860575, 0.86407357, -0.15592749, 0;
 0.16336791, -0.086852036, -0.9827348, 0;
 -9.9061308, -6.9835391, 0.21479981, 1]
3497 1464107096.2787768841 0.0000000000
[-0.86538494, -0.49292099, -0.090209924, 0;
 -0.47841668, 0.86625928, -0.14391775, 0;
 0.14908527, -0.08138632, -0.98546934, 0;
 -10.011507, -7.0392213, 0.044319566, 1]
3502 1464107096.4787671566 0.0000000000
[-0.86376977, -0.49333006, -0.10260243, 0;
 -0.47840327, 0.86683983, -0.1404243, 0;
 0.1582154, -0.072208911, -0.98476076, 0;
 -10.080326, -7.1196384, -0.32770732, 1]
3508 1464107096.7212779522 0.0000000000
[-0.88881922, -0.45802414, -0.014638246, 0;
 -0.45274249, 0.88261449, -0.12655379, 0;
 0.070884615, -0.10585608, -0.99185175, 0;
 -10.430235, -6.7380285, 0.47153506, 1]
3514 1464107096.9588022232 0.0000000000
[-0.91123366, -0.40768456, 0.058706544, 0;
 -0.41187611, 0.90305984, -0.12182348, 0;
 -0.0033499692, -0.13518949, -0.99081409, 0;
 -10.79282, -6.197155, 1.0972613, 1]
3518 1464107097.1216518879 0.0000000000
[-0.91974741, -0.38352606, 0.083501451, 0;
 -0.39182708, 0.90967959, -0.13767581, 0;
 -0.023157304, -0.15934509, -0.98695129, 0;
 -10.975245, -5.9473433, 1.215626, 1]
3523 1464107097.3215548992 0.0000000000
[-0.92286825, -0.36836043, 0.11236011, 0;
 -0.38170621, 0.91363889, -0.13987269, 0;
 -0.051133003, -0.17197262, -0.98377377, 0;
 -11.103744, -5.7864571, 1.3370001, 1]
3528 1464107097.5188555717 0.0000000000
[-0.9183054, -0.37699044, 0.12080336, 0;
 -0.39072213, 0.91219127, -0.1234638, 0;
 -0.063651092, -0.16057801, -0.98496866, 0;
 -11.139768, -5.9204731, 1.1901604, 1]
3533 1464107097.7189431190 0.0000000000
[-0.9146648, -0.38226351, 0.13138814, 0;
 -0.39852476, 0.90716338, -0.13502832, 0;
 -0.067574106, -0.17586708, -0.9820919, 0;
 -11.188613, -6.0610404, 1.0784974, 1]
3538 1464107097.9189431667 0.0000000000
[-0.92468548, -0.33514604, 0.18064867, 0;
 -0.35965863, 0.92458361, -0.12566143, 0;
 -0.12490987, -0.18116915, -0.97548717, 0;
 -11.504424, -5.5135918, 1.4451745, 1]
3543 1464107098.1189467907 0.0000000000
[-0.92240131, -0.30400875, 0.23823208, 0;
 -0.33621883, 0.93558347, -0.1078911, 0;
 -0.19008616, -0.17961699, -0.96519685, 0;
 -11.671291, -5.1571732, 1.9205017, 1]
3548 1464107098.3190970421 0.0000000000
[-0.91406238, -0.28754452, 0.28602126, 0;
 -0.32990307, 0.93735278, -0.11195439, 0;
 -0.23591095, -0.19669259, -0.95166069, 0;
 -11.80179, -4.9880128, 2.2673514, 1]
3554 1464107098.5590217113 0.0000000000
[-0.90658933, -0.27518642, 0.3199504, 0;
 -0.32384309, 0.93977267, -0.10932945, 0;
 -0.27059469, -0.20273064, -0.94110513, 0;
 -11.946672, -4.8624744, 2.4366868, 1]
3560 1464107098.8004302979 0.0000000000
[-0.90944028, -0.28665426, 0.30124369, 0;
 -0.33280098, 0.93608588, -0.11395951, 0;
 -0.24932298, -0.20389356, -0.94671297, 0;
 -12.091885, -5.0743752, 1.8867586, 1]
3564 1464107098.9593224525 0.0000000000
[-0.90617543, -0.27922916, 0.31761163, 0;
 -0.32121155, 0.94296217, -0.087438449, 0;
 -0.27508038, -0.18125509, -0.94418079, 0;
 -12.222012, -4.9445405, 1.9152955, 1]
3569 1464107099.1591773033 0.0000000000
[-0.89378232, -0.25580195, 0.36839998, 0;
 -0.30857331, 0.94681805, -0.091203757, 0;
 -0.32547766, -0.19519471, -0.92518288, 0;
 -12.324525, -4.6777186, 2.4006207, 1]
3573 1464107099.3251192570 0.0000000000
[-0.89023262, -0.21374863, 0.40224046, 0;
 -0.27748027, 0.95478243, -0.10674848, 0;
 -0.36123478, -0.20664477, -0.90928948, 0;
 -12.532729, -4.1573138, 2.6741354, 1]
3578 1464107099.5216164589 0.0000000000
[-0.88364613, -0.19160634, 0.42714927, 0;
 -0.26523811, 0.95674485, -0.11953256, 0;
 -0.38576967, -0.21892075, -0.89624518, 0;
 -12.682063, -3.9180627, 2.7828047, 1]
3582 1464107099.6793518066 0.0000000000
[-0.87593621, -0.18889189, 0.44390947, 0;
 -0.26678759, 0.95631772, -0.11950243, 0;
 -0.40194544, -0.22310604, -0.88806731, 0;
 -12.729716, -3.8793359, 2.8438411, 1]
3587 1464107099.8792316914 0.0000000000
[-0.88303095, -0.16646345, 0.43880096, 0;
 -0.23987207, 0.96371412, -0.11711753, 0;
 -0.4033829, -0.20867449, -0.89091933, 0;
 -12.975365, -3.5852563, 2.5562196, 1]
3596 1464107100.2391760349 0.0000000000
[-0.84080303, -0.14281511, 0.52216291, 0;
 -0.2219343, 0.9707244, -0.091865808, 0;
 -0.49375647, -0.19312692, -0.84788358, 0;
 -12.992875, -3.3210917, 3.4438295, 1]
3600 1464107100.3990700245 0.0000000000
[-0.80527872, -0.11314943, 0.58199954, 0;
 -0.20732206, 0.9733901, -0.097617768, 0;
 -0.55546719, -0.19927084, -0.80730867, 0;
 -12.881746, -2.9332228, 4.2407408, 1]
3605 1464107100.5990703106 0.0000000000
[-0.77984256, -0.071583271, 0.62186927, 0;
 -0.15920365, 0.98345423, -0.086440861, 0;
 -0.60539222, -0.16641413, -0.77833581, 0;
 -12.855451, -2.248524, 4.6789637, 1]
3616 1464107101.0393173695 0.0000000000
[-0.75755942, -0.055243388, 0.65042442, 0;
 -0.15152892, 0.98407692, -0.092906132, 0;
 -0.63493526, -0.16894002, -0.75386769, 0;
 -12.840508, -2.1297288, 4.7358322, 1]
3621 1464107101.2392258644 0.0000000000
[-0.74038154, -0.053154696, 0.67008191, 0;
 -0.12776186, 0.98982435, -0.062647127, 0;
 -0.65993339, -0.13199368, -0.73963881, 0;
 -12.796737, -1.9823036, 4.8543029, 1]
3626 1464107101.4395492077 0.0000000000
[-0.68584716, -0.012451645, 0.72763908, 0;
 -0.092618279, 0.99321669, -0.070302434, 0;
 -0.72182792, -0.11560941, -0.68234807, 0;
 -12.462889, -1.4127499, 5.6825724, 1]
3631 1464107101.6392586231 0.0000000000
[-0.59677643, 0.018964229, 0.80218345, 0;
 -0.049392059, 0.99695671, -0.060313553, 0;
 -0.80088598, -0.075615197, -0.59402359, 0;
 -11.790776, -0.83739072, 6.8798642, 1]
3636 1464107101.8392045498 0.0000000000
[-0.52672142, 0.043563329, 0.84892094, 0;
 -0.007384758, 0.99841374, -0.055816665, 0;
 -0.85000587, -0.03566891, -0.52556419, 0;
 -11.235744, -0.39292359, 7.6316705, 1]
3642 1464107102.0805084705 0.0000000000
[-0.4526262, 0.089697354, 0.88717747, 0;
 0.0028521316, 0.99506837, -0.099150456, 0;
 -0.8916958, -0.042347748, -0.45064983, 0;
 -10.607048, 0.0092895133, 8.2660522, 1]
3647 1464107102.2805838585 0.0000000000
[-0.37263393, 0.1320658, 0.91853285, 0;
 0.046241943, 0.99123424, -0.12375914, 0;
 -0.92682558, -0.0036421118, -0.37547451, 0;
 -9.9181032, 0.66261053, 8.8694773, 1]
3652 1464107102.4793207645 0.0000000000
[-0.32519868, 0.14092283, 0.93508643, 0;
 0.074748509, 0.98957044, -0.1231383, 0;
 -0.94268686, 0.029851906, -0.33234078, 0;
 -9.5297298, 0.8690505, 9.1162453, 1]
3656 1464107102.6424741745 0.0000000000
[-0.28308603, 0.1698155, 0.94394118, 0;
 0.087118402, 0.98468459, -0.15101862, 0;
 -0.95512968, 0.039483387, -0.2935445, 0;
 -9.1819868, 1.1963382, 9.3093729, 1]
3661 1464107102.8393876553 0.0000000000
[-0.18699819, 0.20603684, 0.96051055, 0;
 0.12263323, 0.97500551, -0.18527111, 0;
 -0.97467571, 0.083145149, -0.20759122, 0;
 -8.2789574, 1.8467444, 9.8293104, 1]
3677 1464107103.4820742607 0.0000000000
[0.00054485648, 0.37116691, 0.92856604, 0;
 0.17866449, 0.91358942, -0.36528531, 0;
 -0.9839099, 0.1661008, -0.065816574, 0;
 -6.4899435, 4.20823, 9.8966484, 1]
3685 1464107103.7995705605 0.0000000000
[0.092269443, 0.39759257, 0.912911, 0;
 0.22025417, 0.88596195, -0.40811712, 0;
 -0.97106874, 0.23872919, -0.0058242059, 0;
 -5.6052542, 4.9187317, 9.9025774, 1]
3691 1464107104.0397198200 0.0000000000
[0.18643939, 0.39843047, 0.89804983, 0;
 0.2407231, 0.86768854, -0.43493557, 0;
 -0.95251918, 0.29727048, 0.065859914, 0;
 -4.5941386, 5.2110052, 10.026446, 1]
3712 1464107104.8813314438 0.0000000000
[0.28704903, 0.35190132, 0.89093673, 0;
 0.2515015, 0.86976331, -0.42456898, 0;
 -0.92431045, 0.34594405, 0.16116099, 0;
 -3.919415, 4.9082661, 9.7063141, 1]
3718 1464107105.1196627617 0.0000000000
[0.36674675, 0.33793035, 0.86677557, 0;
 0.27473506, 0.85080177, -0.4479475, 0;
 -0.88882929, 0.40241694, 0.21918748, 0;
 -3.040477, 5.1383739, 9.6646214, 1]
3725 1464107105.3997268677 0.0000000000
[0.37476286, 0.35890836, 0.85483193, 0;
 0.26160178, 0.84362638, -0.46889123, 0;
 -0.88944775, 0.39934856, 0.22226878, 0;
 -3.0891585, 5.2621655, 9.3375034, 1]
3730 1464107105.5997259617 0.0000000000
[0.35210222, 0.36521429, 0.86176711, 0;
 0.25970963, 0.84645057, -0.46483579, 0;
 -0.89920795, 0.38747892, 0.20318748, 0;
 -3.4217706, 5.1986318, 9.1020975, 1]
3771 1464107107.2403512001 0.0000000000
[0.56230515, 0.26432273, 0.78354728, 0;
 0.2105338, 0.87055337, -0.44476101, 0;
 -0.79968017, 0.41505462, 0.43386778, 0;
 -1.7035509, 3.7862749, 8.3912849, 1]
3777 1464107107.4799888134 0.0000000000
[0.62509465, 0.10189694, 0.77386928, 0;
 0.22644614, 0.92512929, -0.30472603, 0;
 -0.74697977, 0.36572233, 0.55521923, 0;
 -1.0709188, 2.2100141, 8.7039413, 1]
3783 1464107107.7221162319 0.0000000000
[0.64535916, 0.066325717, 0.76099443, 0;
 0.19293298, 0.9497717, -0.24639517, 0;
 -0.73911327, 0.30583429, 0.60014743, 0;
 -0.94040501, 1.448054, 8.5330153, 1]
3809 1464107108.7599492073 0.0000000000
[0.81953192, -0.070394136, 0.56869334, 0;
 0.24309728, 0.94140559, -0.23379302, 0;
 -0.51891345, 0.32984865, 0.78862458, 0;
 0.6571691, 0.65903902, 7.2245655, 1]
3813 1464107108.9201714993 0.0000000000
[0.83841157, -0.046851508, 0.54302025, 0;
 0.21399941, 0.94458836, -0.24891189, 0;
 -0.50126868, 0.3248966, 0.80198002, 0;
 0.78641641, 0.71332884, 6.9429288, 1]
3826 1464107109.4401841164 0.0000000000
[0.87281311, -0.057948448, 0.48460218, 0;
 0.22318152, 0.93041754, -0.29071164, 0;
 -0.43403608, 0.36189118, 0.82501358, 0;
 0.97965074, 0.79007936, 6.1004672, 1]
3835 1464107109.8001496792 0.0000000000
[0.91482145, -0.081280962, 0.3955946, 0;
 0.22170013, 0.91982085, -0.32369533, 0;
 -0.33756587, 0.38382679, 0.85949188, 0;
 1.3940883, 0.79988277, 5.4655786, 1]
3839 1464107109.9601166248 0.0000000000
[0.92136991, -0.080119006, 0.38033992, 0;
 0.20166692, 0.93505037, -0.29156691, 0;
 -0.33227691, 0.34534296, 0.87768459, 0;
 1.3537523, 0.55196166, 5.2515416, 1]
3847 1464107110.2801282406 0.0000000000
[0.91954869, -0.058565181, 0.38858759, 0;
 0.18875392, 0.9331221, -0.30603126, 0;
 -0.34467688, 0.35475808, 0.86910558, 0;
 1.1267776, 0.6363979, 4.7659249, 1]
3852 1464107110.4802167416 0.0000000000
[0.89673036, -0.10074794, 0.4309577, 0;
 0.24122994, 0.92765021, -0.28508449, 0;
 -0.37105635, 0.35960379, 0.85615551, 0;
 0.8125326, 0.50535476, 4.5400305, 1]
3866 1464107111.0402951241 0.0000000000
[0.89254093, -0.10622785, 0.43827656, 0;
 0.24720329, 0.92808414, -0.27847865, 0;
 -0.37717536, 0.356897, 0.85461295, 0;
 0.47535083, 0.42504591, 3.7164338, 1]
3871 1464107111.2403433323 0.0000000000
[0.89719921, -0.090215549, 0.43231317, 0;
 0.22393779, 0.93666309, -0.26928452, 0;
 -0.38063815, 0.33841312, 0.86057609, 0;
 0.41540521, 0.35281909, 3.4008465, 1]
3876 1464107111.4403827190 0.0000000000
[0.92479587, -0.063779563, 0.37507975, 0;
 0.15844242, 0.96085632, -0.22726873, 0;
 -0.34590265, 0.26960573, 0.89870137, 0;
 0.51334065, 0.21057087, 3.0856869, 1]
3880 1464107111.6015896797 0.0000000000
[0.94005907, -0.084177151, 0.33045897, 0;
 0.14132534, 0.97808683, -0.15288311, 0;
 -0.31034833, 0.19042139, 0.93135577, 0;
 0.58199012, -0.04000679, 2.8546107, 1]
3885 1464107111.8003752232 0.0000000000
[0.94130659, -0.13648559, 0.3087289, 0;
 0.19400623, 0.96720678, -0.16392879, 0;
 -0.27623078, 0.2142026, 0.93691719, 0;
 0.55019623, -0.066695996, 2.5543828, 1]
3890 1464107112.0023593903 0.0000000000
[0.96317208, -0.086087689, 0.25473213, 0;
 0.11925655, 0.98585647, -0.11774906, 0;
 -0.24099259, 0.14379108, 0.95981598, 0;
 0.5786652, -0.15494677, 2.2624304, 1]
3901 1464107112.4404454231 0.0000000000
[0.98013812, -0.13085598, 0.1490166, 0;
 0.13333938, 0.99104744, -0.0067544198, 0;
 -0.14679867, 0.026490046, 0.98881161, 0;
 0.56060106, -0.43868184, 1.6402427, 1]
4100 1464107120.4013535976 0.0000000000
[0.99387002, -0.11054689, 0.0013237571, 0;
 0.11047396, 0.9935298, 0.02634549, 0;
 -0.0042276043, -0.026037753, 0.99965203, 0;
 0.42628089, -0.21759319, 0.70905834, 1]
4143 1464107122.1219017506 0.0000000000
[0.98717195, -0.15096028, 0.051986463, 0;
 0.15050216, 0.98852885, 0.012639635, 0;
 -0.053298201, -0.0046534189, 0.99856782, 0;
 0.4507395, -0.2606132, 0.77604777, 1]
4150 1464107122.4014205933 0.0000000000
[0.98506236, -0.15546565, 0.074044503, 0;
 0.15426819, 0.98779154, 0.021660874, 0;
 -0.076508053, -0.0099145994, 0.99701965, 0;
 0.40398547, -0.20398033, 0.53749657, 1]
4157 1464107122.6843914986 0.0000000000
[0.98846269, -0.13299718, 0.072479419, 0;
 0.1329754, 0.99110597, 0.005147628, 0;
 -0.072519407, 0.0045497408, 0.99735665, 0;
 0.37533227, -0.10340725, 0.2647877, 1]
4184 1464107123.7618236542 0.0000000000
[0.99115449, -0.10980651, 0.074534312, 0;
 0.11332659, 0.9925493, -0.044754993, 0;
 -0.069064587, 0.05280583, 0.99621367, 0;
 0.6565845, 0.18056506, -0.16512333, 1]
4189 1464107123.9649236202 0.0000000000
[0.9891454, -0.13748412, 0.051860843, 0;
 0.14006555, 0.98888236, -0.049933001, 0;
 -0.044419277, 0.056654911, 0.99740523, 0;
 0.77364248, 0.14932372, -0.17025195, 1]
4203 1464107124.5246803761 0.0000000000
[0.99410599, -0.088723257, -0.062301014, 0;
 0.090596624, 0.99549645, 0.02791227, 0;
 0.059543971, -0.03339202, 0.99766701, 0;
 0.89392883, -0.03909602, -0.2121446, 1]
4218 1464107125.1246294975 0.0000000000
[0.99227226, -0.0053428602, -0.12396463, 0;
 0.024592603, 0.98772103, 0.1542803, 0;
 0.12161817, -0.15613668, 0.98021954, 0;
 0.78923702, -0.23781098, -0.19727902, 1]
4223 1464107125.3242862225 0.0000000000
[0.99350792, -0.0074220928, -0.11352033, 0;
 0.02820318, 0.98278773, 0.18257295, 0;
 0.11021132, -0.18458931, 0.97661674, 0;
 0.68813807, -0.27986383, -0.16212887, 1]
4260 1464107126.8033978939 0.0000000000
[0.93762046, -0.26528525, 0.22470334, 0;
 0.21557894, 0.9507134, 0.22286725, 0;
 -0.27275187, -0.16052359, 0.94859821, 0;
 -0.038995419, -0.16642566, -0.077286385, 1]
4266 1464107127.0419209003 0.0000000000
[0.91802359, -0.28066948, 0.28010237, 0;
 0.24145174, 0.95600605, 0.16659382, 0;
 -0.31453735, -0.085305855, 0.94540423, 0;
 -0.039706301, -0.054419447, -0.081479035, 1]
4271 1464107127.2419574261 0.0000000000
[0.90986663, -0.26719913, 0.31740716, 0;
 0.25093612, 0.96363324, 0.091880575, 0;
 -0.3304145, -0.0039501567, 0.94382769, 0;
 -0.00050232955, 0.042401511, -0.089407459, 1]
4277 1464107127.4851605892 0.0000000000
[0.92162931, -0.23764171, 0.30679926, 0;
 0.23952191, 0.97036022, 0.032097999, 0;
 -0.30533364, 0.043902688, 0.95123285, 0;
 0.076242819, 0.13868979, -0.10228696, 1]
4308 1464107128.7248764038 0.0000000000
[0.98760653, -0.15509495, 0.024061266, 0;
 0.15604563, 0.98674303, -0.044586781, 0;
 -0.016827103, 0.047788851, 0.9987157, 0;
 0.64152968, 0.12095727, -0.18603574, 1]
4314 1464107128.9621372223 0.0000000000
[0.99017793, -0.13268265, -0.044078652, 0;
 0.13444419, 0.99012429, 0.039732642, 0;
 0.038371511, -0.045268506, 0.99823767, 0;
 0.67346585, 0.044190563, -0.20165314, 1]
4325 1464107129.4039490223 0.0000000000
[0.9918617, -0.080470167, -0.098665543, 0;
 0.098391086, 0.97628027, 0.19286284, 0;
 0.080805518, -0.20100108, 0.97625256, 0;
 0.60658944, -0.08966247, -0.19033246, 1]
